0 , 5
0.01 , 4.99951
0.02 , 4.99804
0.03 , 4.99559
0.04 , 4.99215
0.05 , 4.98774
0.06 , 4.98234
0.07 , 4.97597
0.08 , 4.96861
0.09 , 4.96027
0.1 , 4.95095
0.11 , 4.94065
0.12 , 4.92937
0.13 , 4.91711
0.14 , 4.90386
0.15 , 4.88964
0.16 , 4.87443
0.17 , 4.85825
0.18 , 4.84108
0.19 , 4.82293
0.2 , 4.8038
0.21 , 4.78369
0.22 , 4.7626
0.23 , 4.74053
0.24 , 4.71747
0.25 , 4.69344
0.26 , 4.66842
0.27 , 4.64243
0.28 , 4.61545
0.29 , 4.58749
0.3 , 4.55855
0.31 , 4.52863
0.32 , 4.49773
0.33 , 4.46585
0.34 , 4.43298
0.35 , 4.39914
0.36 , 4.36431
0.37 , 4.32851
0.38 , 4.29172
0.39 , 4.25395
0.4 , 4.2152
0.41 , 4.17547
0.42 , 4.13476
0.43 , 4.09307
0.44 , 4.05039
0.45 , 4.00674
0.46 , 3.9621
0.47 , 3.91649
0.48 , 3.86989
0.49 , 3.82231
0.5 , 3.77375
0.51 , 3.72421
0.52 , 3.67369
0.53 , 3.62219
0.54 , 3.5697
0.55 , 3.51624
0.56 , 3.46179
0.57 , 3.40637
0.58 , 3.34996
0.59 , 3.29257
0.6 , 3.2342
0.61 , 3.17485
0.62 , 3.11452
0.63 , 3.05321
0.64 , 2.99091
0.65 , 2.92764
0.66 , 2.86338
0.67 , 2.79815
0.68 , 2.73193
0.69 , 2.66473
0.7 , 2.59655
0.71 , 2.52739
0.72 , 2.45725
0.73 , 2.38613
0.74 , 2.31402
0.75 , 2.24094
0.76 , 2.16687
0.77 , 2.09183
0.78 , 2.0158
0.79 , 1.93879
0.8 , 1.8608
0.81 , 1.78183
0.82 , 1.70188
0.83 , 1.62095
0.84 , 1.53903
0.85 , 1.45614
0.86 , 1.37226
0.87 , 1.28741
0.88 , 1.20157
0.89 , 1.11475
0.9 , 1.02695
0.91 , 0.938169
0.92 , 0.848408
0.93 , 0.757665
0.94 , 0.665942
0.95 , 0.573237
0.96 , 0.479552
0.97 , 0.384885
0.98 , 0.290355
0.99 , 0.197583
1 , 0.108161
1.01 , 0.0236239
1.02 , -0.0545786
1.03 , -0.125104
1.04 , -0.186743
1.05 , -0.238437
1.06 , -0.2793
1.07 , -0.30863
1.08 , -0.325924
1.09 , -0.330886
1.1 , -0.323429
1.11 , -0.303683
1.12 , -0.271986
1.13 , -0.228881
1.14 , -0.175109
1.15 , -0.111592
1.16 , -0.0394202
1.17 , 0.0401685
1.18 , 0.125808
1.19 , 0.21603
1.2 , 0.309285
1.21 , 0.403973
1.22 , 0.49847
1.23 , 0.591987
1.24 , 0.684522
1.25 , 0.776076
1.26 , 0.866649
1.27 , 0.956242
1.28 , 1.04485
1.29 , 1.13248
1.3 , 1.21913
1.31 , 1.3048
1.32 , 1.38949
1.33 , 1.47319
1.34 , 1.55592
1.35 , 1.63766
1.36 , 1.71843
1.37 , 1.79821
1.38 , 1.87701
1.39 , 1.95483
1.4 , 2.03167
1.41 , 2.10753
1.42 , 2.1824
1.43 , 2.2563
1.44 , 2.32922
1.45 , 2.40115
1.46 , 2.4721
1.47 , 2.54208
1.48 , 2.61107
1.49 , 2.67908
1.5 , 2.74611
1.51 , 2.81215
1.52 , 2.87722
1.53 , 2.94131
1.54 , 3.00441
1.55 , 3.06654
1.56 , 3.12768
1.57 , 3.18784
1.58 , 3.24702
1.59 , 3.30522
1.6 , 3.36244
1.61 , 3.41868
1.62 , 3.47394
1.63 , 3.52822
1.64 , 3.58151
1.65 , 3.63382
1.66 , 3.68516
1.67 , 3.73551
1.68 , 3.78488
1.69 , 3.83327
1.7 , 3.88068
1.71 , 3.92711
1.72 , 3.97256
1.73 , 4.01702
1.74 , 4.06051
1.75 , 4.10301
1.76 , 4.14454
1.77 , 4.18508
1.78 , 4.22464
1.79 , 4.26322
1.8 , 4.30082
1.81 , 4.33744
1.82 , 4.37307
1.83 , 4.40773
1.84 , 4.4414
1.85 , 4.4741
1.86 , 4.50581
1.87 , 4.53654
1.88 , 4.5663
1.89 , 4.59507
1.9 , 4.62286
1.91 , 4.64966
1.92 , 4.67549
1.93 , 4.70034
1.94 , 4.7242
1.95 , 4.74709
1.96 , 4.76899
1.97 , 4.78991
1.98 , 4.80985
1.99 , 4.82881
2 , 4.84679
2.01 , 4.86379
2.02 , 4.87981
2.03 , 4.89484
2.04 , 4.9089
2.05 , 4.92197
2.06 , 4.93407
2.07 , 4.94518
2.08 , 4.95531
2.09 , 4.96446
2.1 , 4.97263
2.11 , 4.97982
2.12 , 4.98603
2.13 , 4.99125
2.14 , 4.9955
2.15 , 4.99876
2.16 , 5.00104
2.17 , 5.00235
2.18 , 5.00267
2.19 , 5.00201
2.2 , 5.00037
2.21 , 4.99775
2.22 , 4.99414
2.23 , 4.98956
2.24 , 4.98399
2.25 , 4.97745
2.26 , 4.96992
2.27 , 4.96141
2.28 , 4.95192
2.29 , 4.94145
2.3 , 4.93
2.31 , 4.91757
2.32 , 4.90416
2.33 , 4.88977
2.34 , 4.87439
2.35 , 4.85804
2.36 , 4.8407
2.37 , 4.82238
2.38 , 4.80308
2.39 , 4.7828
2.4 , 4.76154
2.41 , 4.7393
2.42 , 4.71608
2.43 , 4.69187
2.44 , 4.66669
2.45 , 4.64052
2.46 , 4.61338
2.47 , 4.58525
2.48 , 4.55614
2.49 , 4.52605
2.5 , 4.49498
2.51 , 4.46293
2.52 , 4.42989
2.53 , 4.39588
2.54 , 4.36089
2.55 , 4.32491
2.56 , 4.28795
2.57 , 4.25001
2.58 , 4.2111
2.59 , 4.1712
2.6 , 4.13032
2.61 , 4.08845
2.62 , 4.04561
2.63 , 4.00179
2.64 , 3.95698
2.65 , 3.9112
2.66 , 3.86443
2.67 , 3.81668
2.68 , 3.76795
2.69 , 3.71824
2.7 , 3.66755
2.71 , 3.61588
2.72 , 3.56323
2.73 , 3.50959
2.74 , 3.45498
2.75 , 3.39938
2.76 , 3.34281
2.77 , 3.28525
2.78 , 3.22671
2.79 , 3.16719
2.8 , 3.10669
2.81 , 3.04521
2.82 , 2.98275
2.83 , 2.9193
2.84 , 2.85488
2.85 , 2.78947
2.86 , 2.72308
2.87 , 2.65572
2.88 , 2.58737
2.89 , 2.51804
2.9 , 2.44773
2.91 , 2.37644
2.92 , 2.30416
2.93 , 2.23091
2.94 , 2.15667
2.95 , 2.08146
2.96 , 2.00526
2.97 , 1.92808
2.98 , 1.84992
2.99 , 1.77079
3 , 1.69066
3.01 , 1.60956
3.02 , 1.52748
3.03 , 1.44442
3.04 , 1.36037
3.05 , 1.27535
3.06 , 1.18934
3.07 , 1.10235
3.08 , 1.01438
3.09 , 0.925432
3.1 , 0.835501
3.11 , 0.74459
3.12 , 0.652697
3.13 , 0.559823
3.14 , 0.465968
3.15 , 0.371133
3.16 , 0.276669
3.17 , 0.184199
3.18 , 0.0953078
3.19 , 0.0115221
3.2 , -0.065721
3.21 , -0.135096
3.22 , -0.195413
3.23 , -0.245636
3.24 , -0.284905
3.25 , -0.312544
3.26 , -0.328081
3.27 , -0.331248
3.28 , -0.32199
3.29 , -0.300468
3.3 , -0.26705
3.31 , -0.222309
3.32 , -0.167013
3.33 , -0.102112
3.34 , -0.0287177
3.35 , 0.0519093
3.36 , 0.138386
3.37 , 0.229228
3.38 , 0.322878
3.39 , 0.417728
3.4 , 0.51215
3.41 , 0.605592
3.42 , 0.698052
3.43 , 0.789532
3.44 , 0.880031
3.45 , 0.969548
3.46 , 1.05808
3.47 , 1.14564
3.48 , 1.23221
3.49 , 1.31781
3.5 , 1.40242
3.51 , 1.48605
3.52 , 1.5687
3.53 , 1.65037
3.54 , 1.73106
3.55 , 1.81077
3.56 , 1.8895
3.57 , 1.96724
3.58 , 2.04401
3.59 , 2.11979
3.6 , 2.19459
3.61 , 2.26841
3.62 , 2.34125
3.63 , 2.41311
3.64 , 2.48399
3.65 , 2.55389
3.66 , 2.62281
3.67 , 2.69074
3.68 , 2.7577
3.69 , 2.82367
3.7 , 2.88866
3.71 , 2.95267
3.72 , 3.0157
3.73 , 3.07775
3.74 , 3.13882
3.75 , 3.19891
3.76 , 3.25802
3.77 , 3.31614
3.78 , 3.37329
3.79 , 3.42945
3.8 , 3.48463
3.81 , 3.53883
3.82 , 3.59205
3.83 , 3.64429
3.84 , 3.69555
3.85 , 3.74583
3.86 , 3.79513
3.87 , 3.84344
3.88 , 3.89078
3.89 , 3.93713
3.9 , 3.9825
3.91 , 4.02689
3.92 , 4.0703
3.93 , 4.11273
3.94 , 4.15418
3.95 , 4.19465
3.96 , 4.23414
3.97 , 4.27264
3.98 , 4.31017
3.99 , 4.34671
4 , 4.38227
4.01 , 4.41685
4.02 , 4.45046
4.03 , 4.48307
4.04 , 4.51471
4.05 , 4.54537
4.06 , 4.57505
4.07 , 4.60374
4.08 , 4.63146
4.09 , 4.65819
4.1 , 4.68394
4.11 , 4.70872
4.12 , 4.73251
4.13 , 4.75532
4.14 , 4.77714
4.15 , 4.79799
4.16 , 4.81786
4.17 , 4.83674
4.18 , 4.85465
4.19 , 4.87157
4.2 , 4.88751
4.21 , 4.90248
4.22 , 4.91646
4.23 , 4.92946
4.24 , 4.94147
4.25 , 4.95251
4.26 , 4.96257
4.27 , 4.97164
4.28 , 4.97974
4.29 , 4.98685
4.3 , 4.99298
4.31 , 4.99814
4.32 , 5.00231
4.33 , 5.0055
4.34 , 5.0077
4.35 , 5.00893
4.36 , 5.00918
4.37 , 5.00844
4.38 , 5.00673
4.39 , 5.00403
4.4 , 5.00035
4.41 , 4.9957
4.42 , 4.99006
4.43 , 4.98344
4.44 , 4.97584
4.45 , 4.96725
4.46 , 4.95769
4.47 , 4.94714
4.48 , 4.93562
4.49 , 4.92311
4.5 , 4.90963
4.51 , 4.89516
4.52 , 4.87971
4.53 , 4.86328
4.54 , 4.84587
4.55 , 4.82747
4.56 , 4.8081
4.57 , 4.78775
4.58 , 4.76641
4.59 , 4.74409
4.6 , 4.7208
4.61 , 4.69652
4.62 , 4.67126
4.63 , 4.64502
4.64 , 4.6178
4.65 , 4.58959
4.66 , 4.56041
4.67 , 4.53025
4.68 , 4.4991
4.69 , 4.46697
4.7 , 4.43387
4.71 , 4.39978
4.72 , 4.36471
4.73 , 4.32866
4.74 , 4.29163
4.75 , 4.25361
4.76 , 4.21462
4.77 , 4.17465
4.78 , 4.13369
4.79 , 4.09175
4.8 , 4.04884
4.81 , 4.00494
4.82 , 3.96006
4.83 , 3.9142
4.84 , 3.86736
4.85 , 3.81953
4.86 , 3.77073
4.87 , 3.72095
4.88 , 3.67018
4.89 , 3.61843
4.9 , 3.56571
4.91 , 3.512
4.92 , 3.45731
4.93 , 3.40164
4.94 , 3.34499
4.95 , 3.28735
4.96 , 3.22874
4.97 , 3.16915
4.98 , 3.10857
4.99 , 3.04702
5 , 2.98448
5.01 , 2.92096
5.02 , 2.85646
5.03 , 2.79098
5.04 , 2.72452
5.05 , 2.65708
5.06 , 2.58865
5.07 , 2.51925
5.08 , 2.44886
5.09 , 2.3775
5.1 , 2.30515
5.11 , 2.23182
5.12 , 2.15751
5.13 , 2.08222
5.14 , 2.00595
5.15 , 1.9287
5.16 , 1.85046
5.17 , 1.77125
5.18 , 1.69105
5.19 , 1.60988
5.2 , 1.52772
5.21 , 1.44458
5.22 , 1.36046
5.23 , 1.27536
5.24 , 1.18928
5.25 , 1.10222
5.26 , 1.01417
5.27 , 0.925148
5.28 , 0.835143
5.29 , 0.744156
5.3 , 0.652189
5.31 , 0.559241
5.32 , 0.465311
5.33 , 0.370401
5.34 , 0.275875
5.35 , 0.183356
5.36 , 0.0944314
5.37 , 0.0106266
5.38 , -0.0666201
5.39 , -0.135983
5.4 , -0.196273
5.41 , -0.246455
5.42 , -0.285667
5.43 , -0.313238
5.44 , -0.328694
5.45 , -0.331769
5.46 , -0.322412
5.47 , -0.300782
5.48 , -0.267251
5.49 , -0.222393
5.5 , -0.16698
5.51 , -0.101961
5.52 , -0.0284526
5.53 , 0.0522845
5.54 , 0.138865
5.55 , 0.229803
5.56 , 0.323538
5.57 , 0.418462
5.58 , 0.512946
5.59 , 0.606449
5.6 , 0.698972
5.61 , 0.790513
5.62 , 0.881073
5.63 , 0.970652
5.64 , 1.05925
5.65 , 1.14687
5.66 , 1.2335
5.67 , 1.31916
5.68 , 1.40383
5.69 , 1.48753
5.7 , 1.57024
5.71 , 1.65197
5.72 , 1.73272
5.73 , 1.81249
5.74 , 1.89128
5.75 , 1.96908
5.76 , 2.04591
5.77 , 2.12176
5.78 , 2.19662
5.79 , 2.2705
5.8 , 2.34341
5.81 , 2.41533
5.82 , 2.48627
5.83 , 2.55623
5.84 , 2.6252
5.85 , 2.6932
5.86 , 2.76022
5.87 , 2.82625
5.88 , 2.89131
5.89 , 2.95538
5.9 , 3.01847
5.91 , 3.08058
5.92 , 3.14171
5.93 , 3.20186
5.94 , 3.26103
5.95 , 3.31922
5.96 , 3.37643
5.97 , 3.43265
5.98 , 3.48789
5.99 , 3.54216
6 , 3.59544
6.01 , 3.64774
6.02 , 3.69906
6.03 , 3.7494
6.04 , 3.79876
6.05 , 3.84714
6.06 , 3.89453
6.07 , 3.94095
6.08 , 3.98638
6.09 , 4.03084
6.1 , 4.07431
6.11 , 4.1168
6.12 , 4.15831
6.13 , 4.19884
6.14 , 4.23839
6.15 , 4.27695
6.16 , 4.31454
6.17 , 4.35114
6.18 , 4.38677
6.19 , 4.42141
6.2 , 4.45507
6.21 , 4.48776
6.22 , 4.51946
6.23 , 4.55018
6.24 , 4.57991
6.25 , 4.60867
6.26 , 4.63645
6.27 , 4.66324
6.28 , 4.68906
6.29 , 4.71389
6.3 , 4.73774
6.31 , 4.76061
6.32 , 4.7825
6.33 , 4.80341
6.34 , 4.82334
6.35 , 4.84229
6.36 , 4.86025
6.37 , 4.87724
6.38 , 4.89324
6.39 , 4.90827
6.4 , 4.92231
6.41 , 4.93537
6.42 , 4.94745
6.43 , 4.95855
6.44 , 4.96867
6.45 , 4.97781
6.46 , 4.98596
6.47 , 4.99314
6.48 , 4.99933
6.49 , 5.00454
6.5 , 5.00878
6.51 , 5.01203
6.52 , 5.0143
6.53 , 5.01559
6.54 , 5.0159
6.55 , 5.01522
6.56 , 5.01357
6.57 , 5.01093
6.58 , 5.00732
6.59 , 5.00272
6.6 , 4.99714
6.61 , 4.99058
6.62 , 4.98304
6.63 , 4.97452
6.64 , 4.96502
6.65 , 4.95454
6.66 , 4.94308
6.67 , 4.93063
6.68 , 4.91721
6.69 , 4.9028
6.7 , 4.88741
6.71 , 4.87104
6.72 , 4.85369
6.73 , 4.83536
6.74 , 4.81605
6.75 , 4.79576
6.76 , 4.77448
6.77 , 4.75223
6.78 , 4.72899
6.79 , 4.70478
6.8 , 4.67958
6.81 , 4.6534
6.82 , 4.62624
6.83 , 4.5981
6.84 , 4.56898
6.85 , 4.53887
6.86 , 4.50779
6.87 , 4.47573
6.88 , 4.44268
6.89 , 4.40865
6.9 , 4.37364
6.91 , 4.33766
6.92 , 4.30069
6.93 , 4.26274
6.94 , 4.2238
6.95 , 4.18389
6.96 , 4.143
6.97 , 4.10112
6.98 , 4.05827
6.99 , 4.01443
7 , 3.96961
7.01 , 3.92381
7.02 , 3.87703
7.03 , 3.82927
7.04 , 3.78053
7.05 , 3.73081
7.06 , 3.6801
7.07 , 3.62842
7.08 , 3.57575
7.09 , 3.52211
7.1 , 3.46748
7.11 , 3.41187
7.12 , 3.35528
7.13 , 3.29771
7.14 , 3.23916
7.15 , 3.17963
7.16 , 3.11911
7.17 , 3.05762
7.18 , 2.99514
7.19 , 2.93168
7.2 , 2.86725
7.21 , 2.80183
7.22 , 2.73543
7.23 , 2.66805
7.24 , 2.59969
7.25 , 2.53034
7.26 , 2.46002
7.27 , 2.38871
7.28 , 2.31643
7.29 , 2.24316
7.3 , 2.16891
7.31 , 2.09368
7.32 , 2.01747
7.33 , 1.94028
7.34 , 1.86211
7.35 , 1.78296
7.36 , 1.70283
7.37 , 1.62171
7.38 , 1.53962
7.39 , 1.45654
7.4 , 1.37248
7.41 , 1.28744
7.42 , 1.20142
7.43 , 1.11442
7.44 , 1.02644
7.45 , 0.937477
7.46 , 0.847533
7.47 , 0.756608
7.48 , 0.664702
7.49 , 0.571816
7.5 , 0.477948
7.51 , 0.383099
7.52 , 0.288417
7.53 , 0.195527
7.54 , 0.106022
7.55 , 0.021438
7.56 , -0.0567734
7.57 , -0.12727
7.58 , -0.188843
7.59 , -0.240435
7.6 , -0.281162
7.61 , -0.310324
7.62 , -0.32742
7.63 , -0.332159
7.64 , -0.324458
7.65 , -0.304449
7.66 , -0.272476
7.67 , -0.229088
7.68 , -0.175028
7.69 , -0.111225
7.7 , -0.0387731
7.71 , 0.0410844
7.72 , 0.126977
7.73 , 0.217432
7.74 , 0.310896
7.75 , 0.405765
7.76 , 0.500413
7.77 , 0.59408
7.78 , 0.686766
7.79 , 0.77847
7.8 , 0.869194
7.81 , 0.958937
7.82 , 1.0477
7.83 , 1.13548
7.84 , 1.22228
7.85 , 1.3081
7.86 , 1.39294
7.87 , 1.47679
7.88 , 1.55967
7.89 , 1.64156
7.9 , 1.72248
7.91 , 1.80241
7.92 , 1.88136
7.93 , 1.95933
7.94 , 2.03632
7.95 , 2.11233
7.96 , 2.18736
7.97 , 2.26141
7.98 , 2.33447
7.99 , 2.40656
8 , 2.47766
8.01 , 2.54778
8.02 , 2.61692
8.03 , 2.68508
8.04 , 2.75226
8.05 , 2.81846
8.06 , 2.88368
8.07 , 2.94792
8.08 , 3.01117
8.09 , 3.07345
8.1 , 3.13474
8.11 , 3.19505
8.12 , 3.25439
8.13 , 3.31274
8.14 , 3.37011
8.15 , 3.4265
8.16 , 3.4819
8.17 , 3.53633
8.18 , 3.58978
8.19 , 3.64224
8.2 , 3.69372
8.21 , 3.74423
8.22 , 3.79375
8.23 , 3.84229
8.24 , 3.88985
8.25 , 3.93643
8.26 , 3.98203
8.27 , 4.02664
8.28 , 4.07028
8.29 , 4.11293
8.3 , 4.15461
8.31 , 4.1953
8.32 , 4.23501
8.33 , 4.27374
8.34 , 4.31149
8.35 , 4.34826
8.36 , 4.38405
8.37 , 4.41886
8.38 , 4.45268
8.39 , 4.48553
8.4 , 4.51739
8.41 , 4.54827
8.42 , 4.57817
8.43 , 4.6071
8.44 , 4.63504
8.45 , 4.66199
8.46 , 4.68797
8.47 , 4.71297
8.48 , 4.73698
8.49 , 4.76002
8.5 , 4.78207
8.51 , 4.80315
8.52 , 4.82324
8.53 , 4.84235
8.54 , 4.86048
8.55 , 4.87763
8.56 , 4.89379
8.57 , 4.90898
8.58 , 4.92319
8.59 , 4.93641
8.6 , 4.94866
8.61 , 4.95992
8.62 , 4.9702
8.63 , 4.9795
8.64 , 4.98782
8.65 , 4.99516
8.66 , 5.00152
8.67 , 5.00689
8.68 , 5.01129
8.69 , 5.0147
8.7 , 5.01714
8.71 , 5.01859
8.72 , 5.01906
8.73 , 5.01855
8.74 , 5.01706
8.75 , 5.01459
8.76 , 5.01114
8.77 , 5.00671
8.78 , 5.00129
8.79 , 4.9949
8.8 , 4.98752
8.81 , 4.97916
8.82 , 4.96983
8.83 , 4.95951
8.84 , 4.94821
8.85 , 4.93592
8.86 , 4.92266
8.87 , 4.90842
8.88 , 4.89319
8.89 , 4.87699
8.9 , 4.8598
8.91 , 4.84164
8.92 , 4.82249
8.93 , 4.80236
8.94 , 4.78125
8.95 , 4.75916
8.96 , 4.73608
8.97 , 4.71203
8.98 , 4.687
8.99 , 4.66098
9 , 4.63399
9.01 , 4.60601
9.02 , 4.57705
9.03 , 4.54711
9.04 , 4.51619
9.05 , 4.48429
9.06 , 4.45141
9.07 , 4.41754
9.08 , 4.3827
9.09 , 4.34687
9.1 , 4.31007
9.11 , 4.27228
9.12 , 4.23351
9.13 , 4.19376
9.14 , 4.15303
9.15 , 4.11132
9.16 , 4.06863
9.17 , 4.02496
9.18 , 3.9803
9.19 , 3.93467
9.2 , 3.88805
9.21 , 3.84045
9.22 , 3.79188
9.23 , 3.74232
9.24 , 3.69178
9.25 , 3.64025
9.26 , 3.58775
9.27 , 3.53427
9.28 , 3.47981
9.29 , 3.42436
9.3 , 3.36793
9.31 , 3.31053
9.32 , 3.25214
9.33 , 3.19277
9.34 , 3.13242
9.35 , 3.07109
9.36 , 3.00878
9.37 , 2.94548
9.38 , 2.88121
9.39 , 2.81595
9.4 , 2.74972
9.41 , 2.6825
9.42 , 2.6143
9.43 , 2.54512
9.44 , 2.47496
9.45 , 2.40382
9.46 , 2.3317
9.47 , 2.25859
9.48 , 2.18451
9.49 , 2.10945
9.5 , 2.0334
9.51 , 1.95637
9.52 , 1.87836
9.53 , 1.79937
9.54 , 1.7194
9.55 , 1.63845
9.56 , 1.55652
9.57 , 1.47361
9.58 , 1.38971
9.59 , 1.30484
9.6 , 1.21898
9.61 , 1.13214
9.62 , 1.04433
9.63 , 0.955527
9.64 , 0.865747
9.65 , 0.774986
9.66 , 0.683243
9.67 , 0.59052
9.68 , 0.496816
9.69 , 0.402131
9.7 , 0.307286
9.71 , 0.213909
9.72 , 0.123601
9.73 , 0.0379138
9.74 , -0.0416841
9.75 , -0.113826
9.76 , -0.177275
9.77 , -0.230942
9.78 , -0.273906
9.79 , -0.30543
9.8 , -0.324973
9.81 , -0.332199
9.82 , -0.326985
9.83 , -0.30942
9.84 , -0.279806
9.85 , -0.23865
9.86 , -0.186659
9.87 , -0.124725
9.88 , -0.0539111
9.89 , 0.0245686
9.9 , 0.109367
9.91 , 0.199029
9.92 , 0.292017
9.93 , 0.386734
9.94 , 0.481556
9.95 , 0.575397
9.96 , 0.668256
9.97 , 0.760135
9.98 , 0.851033
9.99 , 0.94095
10 , 1.02989
10.01 , 1.11784
10.02 , 1.20481
10.03 , 1.29081
10.04 , 1.37582
10.05 , 1.45985
10.06 , 1.5429
10.07 , 1.62497
10.08 , 1.70606
10.09 , 1.78616
10.1 , 1.86529
10.11 , 1.94343
10.12 , 2.0206
10.13 , 2.09678
10.14 , 2.17198
10.15 , 2.2462
10.16 , 2.31944
10.17 , 2.3917
10.18 , 2.46298
10.19 , 2.53328
10.2 , 2.60259
10.21 , 2.67093
10.22 , 2.73828
10.23 , 2.80465
10.24 , 2.87004
10.25 , 2.93446
10.26 , 2.99788
10.27 , 3.06033
10.28 , 3.1218
10.29 , 3.18229
10.3 , 3.24179
10.31 , 3.30032
10.32 , 3.35786
10.33 , 3.41443
10.34 , 3.47001
10.35 , 3.52461
10.36 , 3.57823
10.37 , 3.63087
10.38 , 3.68252
10.39 , 3.7332
10.4 , 3.7829
10.41 , 3.83161
10.42 , 3.87935
10.43 , 3.9261
10.44 , 3.97187
10.45 , 4.01666
10.46 , 4.06047
10.47 , 4.1033
10.48 , 4.14515
10.49 , 4.18601
10.5 , 4.2259
10.51 , 4.2648
10.52 , 4.30273
10.53 , 4.33967
10.54 , 4.37563
10.55 , 4.41061
10.56 , 4.44461
10.57 , 4.47763
10.58 , 4.50967
10.59 , 4.54073
10.6 , 4.5708
10.61 , 4.5999
10.62 , 4.62801
10.63 , 4.65514
10.64 , 4.6813
10.65 , 4.70647
10.66 , 4.73066
10.67 , 4.75386
10.68 , 4.77609
10.69 , 4.79734
10.7 , 4.81761
10.71 , 4.83689
10.72 , 4.85519
10.73 , 4.87252
10.74 , 4.88886
10.75 , 4.90422
10.76 , 4.9186
10.77 , 4.932
10.78 , 4.94442
10.79 , 4.95585
10.8 , 4.96631
10.81 , 4.97578
10.82 , 4.98428
10.83 , 4.99179
10.84 , 4.99832
10.85 , 5.00387
10.86 , 5.00844
10.87 , 5.01203
10.88 , 5.01464
10.89 , 5.01627
10.9 , 5.01691
10.91 , 5.01658
10.92 , 5.01526
10.93 , 5.01296
10.94 , 5.00968
10.95 , 5.00542
10.96 , 5.00018
10.97 , 4.99396
10.98 , 4.98676
10.99 , 4.97858
11 , 4.96941
11.01 , 4.95927
11.02 , 4.94814
11.03 , 4.93604
11.04 , 4.92295
11.05 , 4.90888
11.06 , 4.89383
11.07 , 4.8778
11.08 , 4.86078
11.09 , 4.84279
11.1 , 4.82382
11.11 , 4.80386
11.12 , 4.78293
11.13 , 4.76101
11.14 , 4.73811
11.15 , 4.71423
11.16 , 4.68937
11.17 , 4.66353
11.18 , 4.63671
11.19 , 4.6089
11.2 , 4.58012
11.21 , 4.55035
11.22 , 4.51961
11.23 , 4.48788
11.24 , 4.45517
11.25 , 4.42148
11.26 , 4.38681
11.27 , 4.35116
11.28 , 4.31453
11.29 , 4.27692
11.3 , 4.23832
11.31 , 4.19875
11.32 , 4.15819
11.33 , 4.11665
11.34 , 4.07414
11.35 , 4.03064
11.36 , 3.98616
11.37 , 3.94069
11.38 , 3.89425
11.39 , 3.84683
11.4 , 3.79843
11.41 , 3.74904
11.42 , 3.69867
11.43 , 3.64733
11.44 , 3.595
11.45 , 3.54169
11.46 , 3.4874
11.47 , 3.43213
11.48 , 3.37588
11.49 , 3.31864
11.5 , 3.26043
11.51 , 3.20123
11.52 , 3.14106
11.53 , 3.0799
11.54 , 3.01776
11.55 , 2.95464
11.56 , 2.89054
11.57 , 2.82546
11.58 , 2.7594
11.59 , 2.69235
11.6 , 2.62433
11.61 , 2.55533
11.62 , 2.48534
11.63 , 2.41437
11.64 , 2.34242
11.65 , 2.26949
11.66 , 2.19558
11.67 , 2.12069
11.68 , 2.04482
11.69 , 1.96797
11.7 , 1.89013
11.71 , 1.81132
11.72 , 1.73152
11.73 , 1.65074
11.74 , 1.56899
11.75 , 1.48625
11.76 , 1.40253
11.77 , 1.31783
11.78 , 1.23214
11.79 , 1.14548
11.8 , 1.05784
11.81 , 0.969211
11.82 , 0.879605
11.83 , 0.789018
11.84 , 0.697449
11.85 , 0.6049
11.86 , 0.51137
11.87 , 0.416859
11.88 , 0.321935
11.89 , 0.228228
11.9 , 0.137345
11.91 , 0.050846
11.92 , -0.0297854
11.93 , -0.103165
11.94 , -0.168035
11.95 , -0.223281
11.96 , -0.267955
11.97 , -0.301292
11.98 , -0.322718
11.99 , -0.331867
12 , -0.328581
12.01 , -0.312917
12.02 , -0.285143
12.03 , -0.245737
12.04 , -0.195373
12.05 , -0.134917
12.06 , -0.0654062
12.07 , 0.0119676
12.08 , 0.0958765
12.09 , 0.18488
12.1 , 0.277453
12.11 , 0.372004
12.12 , 0.466913
12.13 , 0.560841
12.14 , 0.653788
12.15 , 0.745754
12.16 , 0.836739
12.17 , 0.926743
12.18 , 1.01577
12.19 , 1.10381
12.2 , 1.19087
12.21 , 1.27695
12.22 , 1.36205
12.23 , 1.44617
12.24 , 1.5293
12.25 , 1.61146
12.26 , 1.69263
12.27 , 1.77283
12.28 , 1.85204
12.29 , 1.93027
12.3 , 2.00752
12.31 , 2.08379
12.32 , 2.15908
12.33 , 2.23339
12.34 , 2.30672
12.35 , 2.37906
12.36 , 2.45043
12.37 , 2.52081
12.38 , 2.59022
12.39 , 2.65864
12.4 , 2.72608
12.41 , 2.79254
12.42 , 2.85802
12.43 , 2.92252
12.44 , 2.98603
12.45 , 3.04857
12.46 , 3.11012
12.47 , 3.1707
12.48 , 3.23029
12.49 , 3.2889
12.5 , 3.34653
12.51 , 3.40318
12.52 , 3.45885
12.53 , 3.51354
12.54 , 3.56725
12.55 , 3.61997
12.56 , 3.67172
12.57 , 3.72248
12.58 , 3.77227
12.59 , 3.82107
12.6 , 3.86889
12.61 , 3.91573
12.62 , 3.96159
12.63 , 4.00647
12.64 , 4.05036
12.65 , 4.09328
12.66 , 4.13522
12.67 , 4.17617
12.68 , 4.21614
12.69 , 4.25513
12.7 , 4.29315
12.71 , 4.33018
12.72 , 4.36622
12.73 , 4.40129
12.74 , 4.43538
12.75 , 4.46849
12.76 , 4.50061
12.77 , 4.53175
12.78 , 4.56192
12.79 , 4.5911
12.8 , 4.6193
12.81 , 4.64652
12.82 , 4.67276
12.83 , 4.69802
12.84 , 4.72229
12.85 , 4.74559
12.86 , 4.76791
12.87 , 4.78924
12.88 , 4.80959
12.89 , 4.82896
12.9 , 4.84736
12.91 , 4.86477
12.92 , 4.88119
12.93 , 4.89664
12.94 , 4.91111
12.95 , 4.9246
12.96 , 4.9371
12.97 , 4.94862
12.98 , 4.95917
12.99 , 4.96873
13 , 4.97731
13.01 , 4.98491
13.02 , 4.99153
13.03 , 4.99717
13.04 , 5.00182
13.05 , 5.0055
13.06 , 5.0082
13.07 , 5.00991
13.08 , 5.01064
13.09 , 5.01039
13.1 , 5.00917
13.11 , 5.00696
13.12 , 5.00376
13.13 , 4.99959
13.14 , 4.99444
13.15 , 4.98831
13.16 , 4.98119
13.17 , 4.97309
13.18 , 4.96402
13.19 , 4.95396
13.2 , 4.94292
13.21 , 4.9309
13.22 , 4.9179
13.23 , 4.90392
13.24 , 4.88896
13.25 , 4.87301
13.26 , 4.85609
13.27 , 4.83818
13.28 , 4.81929
13.29 , 4.79943
13.3 , 4.77858
13.31 , 4.75675
13.32 , 4.73394
13.33 , 4.71014
13.34 , 4.68537
13.35 , 4.65962
13.36 , 4.63288
13.37 , 4.60517
13.38 , 4.57647
13.39 , 4.54679
13.4 , 4.51613
13.41 , 4.48449
13.42 , 4.45187
13.43 , 4.41827
13.44 , 4.38369
13.45 , 4.34812
13.46 , 4.31158
13.47 , 4.27405
13.48 , 4.23554
13.49 , 4.19606
13.5 , 4.15559
13.51 , 4.11414
13.52 , 4.07171
13.53 , 4.02829
13.54 , 3.9839
13.55 , 3.93853
13.56 , 3.89217
13.57 , 3.84484
13.58 , 3.79652
13.59 , 3.74722
13.6 , 3.69694
13.61 , 3.64568
13.62 , 3.59344
13.63 , 3.54022
13.64 , 3.48602
13.65 , 3.43083
13.66 , 3.37467
13.67 , 3.31752
13.68 , 3.25939
13.69 , 3.20029
13.7 , 3.1402
13.71 , 3.07913
13.72 , 3.01708
13.73 , 2.95404
13.74 , 2.89003
13.75 , 2.82504
13.76 , 2.75906
13.77 , 2.69211
13.78 , 2.62417
13.79 , 2.55525
13.8 , 2.48535
13.81 , 2.41447
13.82 , 2.34261
13.83 , 2.26977
13.84 , 2.19595
13.85 , 2.12114
13.86 , 2.04536
13.87 , 1.96859
13.88 , 1.89084
13.89 , 1.81212
13.9 , 1.73241
13.91 , 1.65172
13.92 , 1.57005
13.93 , 1.48739
13.94 , 1.40376
13.95 , 1.31915
13.96 , 1.23355
13.97 , 1.14698
13.98 , 1.05942
13.99 , 0.970881
14 , 0.881362
14.01 , 0.790862
14.02 , 0.699381
14.03 , 0.606919
14.04 , 0.513476
14.05 , 0.419052
14.06 , 0.324178
14.07 , 0.230482
14.08 , 0.139572
14.09 , 0.0530068
14.1 , -0.0277274
14.11 , -0.101246
14.12 , -0.166286
14.13 , -0.221733
14.14 , -0.266635
14.15 , -0.300222
14.16 , -0.321917
14.17 , -0.331348
14.18 , -0.328354
14.19 , -0.312985
14.2 , -0.285505
14.21 , -0.246387
14.22 , -0.1963
14.23 , -0.136105
14.24 , -0.0668339
14.25 , 0.010324
14.26 , 0.0940451
14.27 , 0.182893
14.28 , 0.275343
14.29 , 0.369809
14.3 , 0.464669
14.31 , 0.558549
14.32 , 0.651448
14.33 , 0.743365
14.34 , 0.834302
14.35 , 0.924258
14.36 , 1.01323
14.37 , 1.10123
14.38 , 1.18824
14.39 , 1.27427
14.4 , 1.35932
14.41 , 1.44339
14.42 , 1.52648
14.43 , 1.60859
14.44 , 1.68971
14.45 , 1.76986
14.46 , 1.84902
14.47 , 1.92721
14.48 , 2.00441
14.49 , 2.08063
14.5 , 2.15587
14.51 , 2.23013
14.52 , 2.30341
14.53 , 2.37571
14.54 , 2.44703
14.55 , 2.51736
14.56 , 2.58672
14.57 , 2.65509
14.58 , 2.72248
14.59 , 2.78889
14.6 , 2.85433
14.61 , 2.91878
14.62 , 2.98224
14.63 , 3.04473
14.64 , 3.10624
14.65 , 3.16676
14.66 , 3.22631
14.67 , 3.28487
14.68 , 3.34246
14.69 , 3.39906
14.7 , 3.45468
14.71 , 3.50932
14.72 , 3.56298
14.73 , 3.61565
14.74 , 3.66735
14.75 , 3.71807
14.76 , 3.7678
14.77 , 3.81655
14.78 , 3.86433
14.79 , 3.91112
14.8 , 3.95693
14.81 , 4.00176
14.82 , 4.04561
14.83 , 4.08848
14.84 , 4.13036
14.85 , 4.17127
14.86 , 4.21119
14.87 , 4.25014
14.88 , 4.2881
14.89 , 4.32508
14.9 , 4.36108
14.91 , 4.3961
14.92 , 4.43014
14.93 , 4.4632
14.94 , 4.49527
14.95 , 4.52637
14.96 , 4.55649
14.97 , 4.58562
14.98 , 4.61377
14.99 , 4.64094
15 , 4.66713
15.01 , 4.69234
15.02 , 4.71657
15.03 , 4.73982
15.04 , 4.76209
15.05 , 4.78337
15.06 , 4.80368
15.07 , 4.823
15.08 , 4.84134
15.09 , 4.85871
15.1 , 4.87509
15.11 , 4.89049
15.12 , 4.9049
15.13 , 4.91834
15.14 , 4.9308
15.15 , 4.94227
15.16 , 4.95277
15.17 , 4.96228
15.18 , 4.97082
15.19 , 4.97837
15.2 , 4.98494
15.21 , 4.99053
15.22 , 4.99514
15.23 , 4.99876
15.24 , 5.00141
15.25 , 5.00308
15.26 , 5.00376
15.27 , 5.00347
15.28 , 5.00219
15.29 , 4.99993
15.3 , 4.99669
15.31 , 4.99247
15.32 , 4.98727
15.33 , 4.98109
15.34 , 4.97392
15.35 , 4.96578
15.36 , 4.95665
15.37 , 4.94655
15.38 , 4.93546
15.39 , 4.92339
15.4 , 4.91034
15.41 , 4.89631
15.42 , 4.8813
15.43 , 4.86531
15.44 , 4.84834
15.45 , 4.83038
15.46 , 4.81145
15.47 , 4.79153
15.48 , 4.77063
15.49 , 4.74875
15.5 , 4.72589
15.51 , 4.70205
15.52 , 4.67723
15.53 , 4.65143
15.54 , 4.62465
15.55 , 4.59688
15.56 , 4.56814
15.57 , 4.53841
15.58 , 4.5077
15.59 , 4.47602
15.6 , 4.44335
15.61 , 4.4097
15.62 , 4.37506
15.63 , 4.33945
15.64 , 4.30286
15.65 , 4.26528
15.66 , 4.22673
15.67 , 4.18719
15.68 , 4.14668
15.69 , 4.10518
15.7 , 4.0627
15.71 , 4.01924
15.72 , 3.9748
15.73 , 3.92937
15.74 , 3.88297
15.75 , 3.83559
15.76 , 3.78722
15.77 , 3.73788
15.78 , 3.68755
15.79 , 3.63624
15.8 , 3.58395
15.81 , 3.53068
15.82 , 3.47643
15.83 , 3.4212
15.84 , 3.36498
15.85 , 3.30779
15.86 , 3.24961
15.87 , 3.19046
15.88 , 3.13032
15.89 , 3.0692
15.9 , 3.0071
15.91 , 2.94402
15.92 , 2.87996
15.93 , 2.81492
15.94 , 2.7489
15.95 , 2.68189
15.96 , 2.61391
15.97 , 2.54494
15.98 , 2.47499
15.99 , 2.40406
16 , 2.33215
16.01 , 2.25926
16.02 , 2.18539
16.03 , 2.11054
16.04 , 2.03471
16.05 , 1.95789
16.06 , 1.8801
16.07 , 1.80132
16.08 , 1.72156
16.09 , 1.64083
16.1 , 1.55911
16.11 , 1.47641
16.12 , 1.39273
16.13 , 1.30806
16.14 , 1.22242
16.15 , 1.1358
16.16 , 1.04819
16.17 , 0.959604
16.18 , 0.870037
16.19 , 0.779488
16.2 , 0.687959
16.21 , 0.595449
16.22 , 0.501957
16.23 , 0.407485
16.24 , 0.312761
16.25 , 0.219411
16.26 , 0.129037
16.27 , 0.0431887
16.28 , -0.0366603
16.29 , -0.10914
16.3 , -0.173006
16.31 , -0.227164
16.32 , -0.270684
16.33 , -0.302819
16.34 , -0.323017
16.35 , -0.330933
16.36 , -0.32643
16.37 , -0.309586
16.38 , -0.28069
16.39 , -0.240237
16.4 , -0.188921
16.41 , -0.127624
16.42 , -0.0573963
16.43 , 0.0205564
16.44 , 0.104897
16.45 , 0.194177
16.46 , 0.286867
16.47 , 0.381374
16.48 , 0.476078
16.49 , 0.569801
16.5 , 0.662542
16.51 , 0.754303
16.52 , 0.845083
16.53 , 0.934882
16.54 , 1.0237
16.55 , 1.11154
16.56 , 1.19839
16.57 , 1.28427
16.58 , 1.36916
16.59 , 1.45307
16.6 , 1.53601
16.61 , 1.61796
16.62 , 1.69893
16.63 , 1.77892
16.64 , 1.85792
16.65 , 1.93595
16.66 , 2.013
16.67 , 2.08906
16.68 , 2.16414
16.69 , 2.23825
16.7 , 2.31137
16.71 , 2.38351
16.72 , 2.45467
16.73 , 2.52485
16.74 , 2.59405
16.75 , 2.66226
16.76 , 2.7295
16.77 , 2.79575
16.78 , 2.86103
16.79 , 2.92532
16.8 , 2.98863
16.81 , 3.05096
16.82 , 3.11231
16.83 , 3.17268
16.84 , 3.23207
16.85 , 3.29048
16.86 , 3.3479
16.87 , 3.40435
16.88 , 3.45981
16.89 , 3.5143
16.9 , 3.5678
16.91 , 3.62032
16.92 , 3.67186
16.93 , 3.72242
16.94 , 3.77199
16.95 , 3.82059
16.96 , 3.86821
16.97 , 3.91484
16.98 , 3.9605
16.99 , 4.00517
17 , 4.04886
17.01 , 4.09157
17.02 , 4.1333
17.03 , 4.17405
17.04 , 4.21382
17.05 , 4.2526
17.06 , 4.29041
17.07 , 4.32724
17.08 , 4.36308
17.09 , 4.39794
17.1 , 4.43182
17.11 , 4.46473
17.12 , 4.49664
17.13 , 4.52758
17.14 , 4.55754
17.15 , 4.58652
17.16 , 4.61451
17.17 , 4.64153
17.18 , 4.66756
17.19 , 4.69262
17.2 , 4.71669
17.21 , 4.73978
17.22 , 4.76189
17.23 , 4.78302
17.24 , 4.80317
17.25 , 4.82233
17.26 , 4.84052
17.27 , 4.85772
17.28 , 4.87395
17.29 , 4.88919
17.3 , 4.90345
17.31 , 4.91673
17.32 , 4.92903
17.33 , 4.94035
17.34 , 4.95069
17.35 , 4.96005
17.36 , 4.96842
17.37 , 4.97582
17.38 , 4.98223
17.39 , 4.98766
17.4 , 4.99211
17.41 , 4.99559
17.42 , 4.99808
17.43 , 4.99958
17.44 , 5.00011
17.45 , 4.99966
17.46 , 4.99823
17.47 , 4.99581
17.48 , 4.99241
17.49 , 4.98804
17.5 , 4.98268
17.51 , 4.97634
17.52 , 4.96902
17.53 , 4.96072
17.54 , 4.95144
17.55 , 4.94117
17.56 , 4.92993
17.57 , 4.9177
17.58 , 4.9045
17.59 , 4.89031
17.6 , 4.87514
17.61 , 4.85899
17.62 , 4.84186
17.63 , 4.82375
17.64 , 4.80466
17.65 , 4.78459
17.66 , 4.76353
17.67 , 4.7415
17.68 , 4.71848
17.69 , 4.69448
17.7 , 4.66951
17.71 , 4.64355
17.72 , 4.61661
17.73 , 4.58869
17.74 , 4.55978
17.75 , 4.5299
17.76 , 4.49904
17.77 , 4.46719
17.78 , 4.43436
17.79 , 4.40056
17.8 , 4.36577
17.81 , 4.33
17.82 , 4.29325
17.83 , 4.25552
17.84 , 4.21681
17.85 , 4.17711
17.86 , 4.13644
17.87 , 4.09478
17.88 , 4.05215
17.89 , 4.00853
17.9 , 3.96393
17.91 , 3.91835
17.92 , 3.87179
17.93 , 3.82425
17.94 , 3.77573
17.95 , 3.72623
17.96 , 3.67574
17.97 , 3.62428
17.98 , 3.57183
17.99 , 3.5184
18 , 3.464
18.01 , 3.40861
18.02 , 3.35224
18.03 , 3.29489
18.04 , 3.23655
18.05 , 3.17724
18.06 , 3.11695
18.07 , 3.05567
18.08 , 2.99342
18.09 , 2.93018
18.1 , 2.86596
18.11 , 2.80076
18.12 , 2.73458
18.13 , 2.66742
18.14 , 2.59928
18.15 , 2.53015
18.16 , 2.46005
18.17 , 2.38897
18.18 , 2.3169
18.19 , 2.24385
18.2 , 2.16982
18.21 , 2.09481
18.22 , 2.01882
18.23 , 1.94185
18.24 , 1.8639
18.25 , 1.78497
18.26 , 1.70505
18.27 , 1.62416
18.28 , 1.54228
18.29 , 1.45943
18.3 , 1.37559
18.31 , 1.29077
18.32 , 1.20497
18.33 , 1.11819
18.34 , 1.03043
18.35 , 0.941682
18.36 , 0.851958
18.37 , 0.761253
18.38 , 0.669566
18.39 , 0.576899
18.4 , 0.483251
18.41 , 0.388622
18.42 , 0.294065
18.43 , 0.201203
18.44 , 0.111628
18.45 , 0.0268788
18.46 , -0.0515915
18.47 , -0.122436
18.48 , -0.18444
18.49 , -0.236539
18.5 , -0.277838
18.51 , -0.30763
18.52 , -0.325404
18.53 , -0.330853
18.54 , -0.323886
18.55 , -0.30462
18.56 , -0.273388
18.57 , -0.230724
18.58 , -0.177361
18.59 , -0.114214
18.6 , -0.0423679
18.61 , 0.0369459
18.62 , 0.122366
18.63 , 0.212427
18.64 , 0.305583
18.65 , 0.400237
18.66 , 0.494763
18.67 , 0.588308
18.68 , 0.680872
18.69 , 0.772455
18.7 , 0.863057
18.71 , 0.952678
18.72 , 1.04132
18.73 , 1.12898
18.74 , 1.21566
18.75 , 1.30135
18.76 , 1.38607
18.77 , 1.4698
18.78 , 1.55256
18.79 , 1.63433
18.8 , 1.71512
18.81 , 1.79493
18.82 , 1.87376
18.83 , 1.95161
18.84 , 2.02848
18.85 , 2.10437
18.86 , 2.17928
18.87 , 2.2532
18.88 , 2.32614
18.89 , 2.39811
18.9 , 2.46909
18.91 , 2.53909
18.92 , 2.60811
18.93 , 2.67615
18.94 , 2.74321
18.95 , 2.80929
18.96 , 2.87438
18.97 , 2.9385
18.98 , 3.00163
18.99 , 3.06378
19 , 3.12496
19.01 , 3.18515
19.02 , 3.24436
19.03 , 3.30259
19.04 , 3.35983
19.05 , 3.4161
19.06 , 3.47139
19.07 , 3.52569
19.08 , 3.57902
19.09 , 3.63136
19.1 , 3.68272
19.11 , 3.7331
19.12 , 3.7825
19.13 , 3.83092
19.14 , 3.87836
19.15 , 3.92482
19.16 , 3.97029
19.17 , 4.01479
19.18 , 4.0583
19.19 , 4.10084
19.2 , 4.14239
19.21 , 4.18296
19.22 , 4.22255
19.23 , 4.26116
19.24 , 4.29879
19.25 , 4.33543
19.26 , 4.3711
19.27 , 4.40579
19.28 , 4.43949
19.29 , 4.47221
19.3 , 4.50396
19.31 , 4.53472
19.32 , 4.5645
19.33 , 4.5933
19.34 , 4.62111
19.35 , 4.64795
19.36 , 4.67381
19.37 , 4.69868
19.38 , 4.72258
19.39 , 4.74549
19.4 , 4.76742
19.41 , 4.78837
19.42 , 4.80834
19.43 , 4.82733
19.44 , 4.84534
19.45 , 4.86237
19.46 , 4.87841
19.47 , 4.89348
19.48 , 4.90756
19.49 , 4.92067
19.5 , 4.93279
19.51 , 4.94393
19.52 , 4.95409
19.53 , 4.96327
19.54 , 4.97147
19.55 , 4.97868
19.56 , 4.98492
19.57 , 4.99017
19.58 , 4.99445
19.59 , 4.99774
19.6 , 5.00005
19.61 , 5.00139
19.62 , 5.00174
19.63 , 5.0011
19.64 , 4.99949
19.65 , 4.9969
19.66 , 4.99333
19.67 , 4.98877
19.68 , 4.98324
19.69 , 4.97672
19.7 , 4.96922
19.71 , 4.96074
19.72 , 4.95128
19.73 , 4.94084
19.74 , 4.92942
19.75 , 4.91702
19.76 , 4.90363
19.77 , 4.88927
19.78 , 4.87392
19.79 , 4.85759
19.8 , 4.84029
19.81 , 4.822
19.82 , 4.80273
19.83 , 4.78248
19.84 , 4.76125
19.85 , 4.73903
19.86 , 4.71584
19.87 , 4.69166
19.88 , 4.66651
19.89 , 4.64037
19.9 , 4.61325
19.91 , 4.58515
19.92 , 4.55607
19.93 , 4.52601
19.94 , 4.49497
19.95 , 4.46295
19.96 , 4.42995
19.97 , 4.39596
19.98 , 4.36099
19.99 , 4.32505
20 , 4.28812
20.01 , 4.25021
20.02 , 4.21132
20.03 , 4.17145
20.04 , 4.1306
20.05 , 4.08877
20.06 , 4.04595
20.07 , 4.00216
20.08 , 3.95738
20.09 , 3.91162
20.1 , 3.86489
20.11 , 3.81717
20.12 , 3.76847
20.13 , 3.71879
20.14 , 3.66812
20.15 , 3.61648
20.16 , 3.56386
20.17 , 3.51025
20.18 , 3.45567
20.19 , 3.4001
20.2 , 3.34355
20.21 , 3.28602
20.22 , 3.22751
20.23 , 3.16802
20.24 , 3.10755
20.25 , 3.0461
20.26 , 2.98366
20.27 , 2.92025
20.28 , 2.85585
20.29 , 2.79048
20.3 , 2.72412
20.31 , 2.65678
20.32 , 2.58846
20.33 , 2.51916
20.34 , 2.44888
20.35 , 2.37761
20.36 , 2.30537
20.37 , 2.23215
20.38 , 2.15794
20.39 , 2.08275
20.4 , 2.00658
20.41 , 1.92944
20.42 , 1.85131
20.43 , 1.7722
20.44 , 1.6921
20.45 , 1.61103
20.46 , 1.52898
20.47 , 1.44594
20.48 , 1.36193
20.49 , 1.27693
20.5 , 1.19095
20.51 , 1.10399
20.52 , 1.01605
20.53 , 0.927132
20.54 , 0.83723
20.55 , 0.746347
20.56 , 0.654483
20.57 , 0.561638
20.58 , 0.467812
20.59 , 0.373005
20.6 , 0.278539
20.61 , 0.186033
20.62 , 0.0970754
20.63 , 0.0131926
20.64 , -0.0641763
20.65 , -0.133704
20.66 , -0.194197
20.67 , -0.244617
20.68 , -0.2841
20.69 , -0.311968
20.7 , -0.327743
20.71 , -0.331153
20.72 , -0.322142
20.73 , -0.300862
20.74 , -0.26768
20.75 , -0.223165
20.76 , -0.16808
20.77 , -0.103371
20.78 , -0.030148
20.79 , 0.0503327
20.8 , 0.13669
20.81 , 0.227442
20.82 , 0.321033
20.83 , 0.415855
20.84 , 0.510281
20.85 , 0.603727
20.86 , 0.696192
20.87 , 0.787676
20.88 , 0.878179
20.89 , 0.967701
20.9 , 1.05624
20.91 , 1.1438
20.92 , 1.23038
20.93 , 1.31598
20.94 , 1.40059
20.95 , 1.48423
20.96 , 1.56689
20.97 , 1.64856
20.98 , 1.72925
20.99 , 1.80896
21 , 1.8877
21.01 , 1.96544
21.02 , 2.04221
21.03 , 2.118
21.04 , 2.19281
21.05 , 2.26663
21.06 , 2.33948
21.07 , 2.41134
21.08 , 2.48223
21.09 , 2.55213
21.1 , 2.62105
21.11 , 2.68899
21.12 , 2.75595
21.13 , 2.82193
21.14 , 2.88692
21.15 , 2.95094
21.16 , 3.01397
21.17 , 3.07603
21.18 , 3.1371
21.19 , 3.19719
21.2 , 3.2563
21.21 , 3.31443
21.22 , 3.37158
21.23 , 3.42775
21.24 , 3.48294
21.25 , 3.53714
21.26 , 3.59037
21.27 , 3.64261
21.28 , 3.69387
21.29 , 3.74415
21.3 , 3.79346
21.31 , 3.84178
21.32 , 3.88911
21.33 , 3.93547
21.34 , 3.98085
21.35 , 4.02524
21.36 , 4.06866
21.37 , 4.11109
21.38 , 4.15255
21.39 , 4.19302
21.4 , 4.23251
21.41 , 4.27102
21.42 , 4.30855
21.43 , 4.3451
21.44 , 4.38066
21.45 , 4.41525
21.46 , 4.44885
21.47 , 4.48148
21.48 , 4.51312
21.49 , 4.54378
21.5 , 4.57346
21.51 , 4.60216
21.52 , 4.62988
21.53 , 4.65662
21.54 , 4.68238
21.55 , 4.70715
21.56 , 4.73095
21.57 , 4.75376
21.58 , 4.77559
21.59 , 4.79645
21.6 , 4.81632
21.61 , 4.83521
21.62 , 4.85311
21.63 , 4.87004
21.64 , 4.88599
21.65 , 4.90096
21.66 , 4.91494
21.67 , 4.92794
21.68 , 4.93997
21.69 , 4.95101
21.7 , 4.96107
21.71 , 4.97015
21.72 , 4.97825
21.73 , 4.98537
21.74 , 4.9915
21.75 , 4.99666
21.76 , 5.00083
21.77 , 5.00403
21.78 , 5.00624
21.79 , 5.00747
21.8 , 5.00772
21.81 , 5.00699
21.82 , 5.00528
21.83 , 5.00259
21.84 , 4.99892
21.85 , 4.99426
21.86 , 4.98863
21.87 , 4.98201
21.88 , 4.97441
21.89 , 4.96584
21.9 , 4.95628
21.91 , 4.94574
21.92 , 4.93422
21.93 , 4.92171
21.94 , 4.90823
21.95 , 4.89377
21.96 , 4.87832
21.97 , 4.86189
21.98 , 4.84449
21.99 , 4.8261
22 , 4.80673
22.01 , 4.78638
22.02 , 4.76505
22.03 , 4.74274
22.04 , 4.71944
22.05 , 4.69517
22.06 , 4.66991
22.07 , 4.64368
22.08 , 4.61646
22.09 , 4.58826
22.1 , 4.55908
22.11 , 4.52892
22.12 , 4.49778
22.13 , 4.46566
22.14 , 4.43256
22.15 , 4.39847
22.16 , 4.36341
22.17 , 4.32736
22.18 , 4.29033
22.19 , 4.25233
22.2 , 4.21334
22.21 , 4.17337
22.22 , 4.13242
22.23 , 4.09048
22.24 , 4.04757
22.25 , 4.00368
22.26 , 3.9588
22.27 , 3.91295
22.28 , 3.86611
22.29 , 3.81829
22.3 , 3.76949
22.31 , 3.71971
22.32 , 3.66895
22.33 , 3.61721
22.34 , 3.56448
22.35 , 3.51078
22.36 , 3.4561
22.37 , 3.40043
22.38 , 3.34378
22.39 , 3.28615
22.4 , 3.22754
22.41 , 3.16795
22.42 , 3.10738
22.43 , 3.04583
22.44 , 2.9833
22.45 , 2.91978
22.46 , 2.85529
22.47 , 2.78981
22.48 , 2.72336
22.49 , 2.65592
22.5 , 2.5875
22.51 , 2.5181
22.52 , 2.44772
22.53 , 2.37635
22.54 , 2.30401
22.55 , 2.23069
22.56 , 2.15638
22.57 , 2.0811
22.58 , 2.00483
22.59 , 1.92758
22.6 , 1.84935
22.61 , 1.77014
22.62 , 1.68995
22.63 , 1.60878
22.64 , 1.52663
22.65 , 1.44349
22.66 , 1.35938
22.67 , 1.27428
22.68 , 1.1882
22.69 , 1.10114
22.7 , 1.01311
22.71 , 0.924085
22.72 , 0.834084
22.73 , 0.743102
22.74 , 0.651139
22.75 , 0.558194
22.76 , 0.464269
22.77 , 0.369363
22.78 , 0.27486
22.79 , 0.18238
22.8 , 0.0935118
22.81 , 0.00977914
22.82 , -0.067381
22.83 , -0.136645
22.84 , -0.196823
22.85 , -0.246885
22.86 , -0.285969
22.87 , -0.313407
22.88 , -0.328727
22.89 , -0.331666
22.9 , -0.322174
22.91 , -0.300413
22.92 , -0.266758
22.93 , -0.221785
22.94 , -0.166266
22.95 , -0.101154
22.96 , -0.0275661
22.97 , 0.0532351
22.98 , 0.139863
22.99 , 0.230832
23 , 0.32458
23.01 , 0.419499
23.02 , 0.513961
23.03 , 0.607441
23.04 , 0.699941
23.05 , 0.791459
23.06 , 0.881997
23.07 , 0.971553
23.08 , 1.06013
23.09 , 1.14772
23.1 , 1.23434
23.11 , 1.31997
23.12 , 1.40462
23.13 , 1.48829
23.14 , 1.57098
23.15 , 1.65269
23.16 , 1.73342
23.17 , 1.81316
23.18 , 1.89193
23.19 , 1.96971
23.2 , 2.04652
23.21 , 2.12234
23.22 , 2.19718
23.23 , 2.27104
23.24 , 2.34392
23.25 , 2.41582
23.26 , 2.48674
23.27 , 2.55667
23.28 , 2.62563
23.29 , 2.6936
23.3 , 2.7606
23.31 , 2.82661
23.32 , 2.89164
23.33 , 2.95569
23.34 , 3.01876
23.35 , 3.08085
23.36 , 3.14196
23.37 , 3.20208
23.38 , 3.26123
23.39 , 3.31939
23.4 , 3.37658
23.41 , 3.43278
23.42 , 3.488
23.43 , 3.54224
23.44 , 3.5955
23.45 , 3.64778
23.46 , 3.69908
23.47 , 3.74939
23.48 , 3.79873
23.49 , 3.84708
23.5 , 3.89446
23.51 , 3.94085
23.52 , 3.98626
23.53 , 4.03069
23.54 , 4.07414
23.55 , 4.11661
23.56 , 4.1581
23.57 , 4.1986
23.58 , 4.23813
23.59 , 4.27667
23.6 , 4.31424
23.61 , 4.35082
23.62 , 4.38642
23.63 , 4.42104
23.64 , 4.45468
23.65 , 4.48734
23.66 , 4.51902
23.67 , 4.54971
23.68 , 4.57943
23.69 , 4.60816
23.7 , 4.63592
23.71 , 4.66269
23.72 , 4.68848
23.73 , 4.71329
23.74 , 4.73712
23.75 , 4.75997
23.76 , 4.78184
23.77 , 4.80272
23.78 , 4.82263
23.79 , 4.84155
23.8 , 4.8595
23.81 , 4.87646
23.82 , 4.89244
23.83 , 4.90744
23.84 , 4.92146
23.85 , 4.9345
23.86 , 4.94656
23.87 , 4.95763
23.88 , 4.96773
23.89 , 4.97684
23.9 , 4.98498
23.91 , 4.99213
23.92 , 4.9983
23.93 , 5.00349
23.94 , 5.0077
23.95 , 5.01093
23.96 , 5.01318
23.97 , 5.01444
23.98 , 5.01473
23.99 , 5.01403
24 , 5.01236
24.01 , 5.0097
24.02 , 5.00606
24.03 , 5.00144
24.04 , 4.99584
24.05 , 4.98926
24.06 , 4.9817
24.07 , 4.97315
24.08 , 4.96363
24.09 , 4.95312
24.1 , 4.94164
24.11 , 4.92917
24.12 , 4.91572
24.13 , 4.90129
24.14 , 4.88588
24.15 , 4.86949
24.16 , 4.85212
24.17 , 4.83376
24.18 , 4.81443
24.19 , 4.79411
24.2 , 4.77282
24.21 , 4.75054
24.22 , 4.72728
24.23 , 4.70304
24.24 , 4.67782
24.25 , 4.65162
24.26 , 4.62444
24.27 , 4.59627
24.28 , 4.56713
24.29 , 4.537
24.3 , 4.5059
24.31 , 4.47381
24.32 , 4.44074
24.33 , 4.40669
24.34 , 4.37166
24.35 , 4.33565
24.36 , 4.29866
24.37 , 4.26068
24.38 , 4.22173
24.39 , 4.18179
24.4 , 4.14088
24.41 , 4.09898
24.42 , 4.0561
24.43 , 4.01224
24.44 , 3.9674
24.45 , 3.92158
24.46 , 3.87478
24.47 , 3.82699
24.48 , 3.77823
24.49 , 3.72848
24.5 , 3.67776
24.51 , 3.62605
24.52 , 3.57336
24.53 , 3.51969
24.54 , 3.46504
24.55 , 3.40941
24.56 , 3.3528
24.57 , 3.2952
24.58 , 3.23663
24.59 , 3.17707
24.6 , 3.11654
24.61 , 3.05502
24.62 , 2.99252
24.63 , 2.92904
24.64 , 2.86458
24.65 , 2.79914
24.66 , 2.73272
24.67 , 2.66531
24.68 , 2.59693
24.69 , 2.52756
24.7 , 2.45722
24.71 , 2.38589
24.72 , 2.31358
24.73 , 2.24029
24.74 , 2.16602
24.75 , 2.09077
24.76 , 2.01454
24.77 , 1.93732
24.78 , 1.85913
24.79 , 1.77995
24.8 , 1.6998
24.81 , 1.61866
24.82 , 1.53654
24.83 , 1.45344
24.84 , 1.36936
24.85 , 1.2843
24.86 , 1.19826
24.87 , 1.11123
24.88 , 1.02323
24.89 , 0.934245
24.9 , 0.844278
24.91 , 0.753331
24.92 , 0.661402
24.93 , 0.568493
24.94 , 0.474602
24.95 , 0.379731
24.96 , 0.285084
24.97 , 0.192286
24.98 , 0.102929
24.99 , 0.0185461
25 , -0.0594147
25.01 , -0.129616
25.02 , -0.190852
25.03 , -0.242074
25.04 , -0.282402
25.05 , -0.311144
25.06 , -0.327806
25.07 , -0.332104
25.08 , -0.323963
25.09 , -0.303523
25.1 , -0.271135
25.11 , -0.227354
25.12 , -0.172932
25.13 , -0.108802
25.14 , -0.0360652
25.15 , 0.0440309
25.16 , 0.130112
25.17 , 0.220701
25.18 , 0.314243
25.19 , 0.409133
25.2 , 0.503744
25.21 , 0.597374
25.22 , 0.690022
25.23 , 0.78169
25.24 , 0.872377
25.25 , 0.962083
25.26 , 1.05081
25.27 , 1.13855
25.28 , 1.22531
25.29 , 1.3111
25.3 , 1.3959
25.31 , 1.47972
25.32 , 1.56255
25.33 , 1.64441
25.34 , 1.72529
25.35 , 1.80518
25.36 , 1.8841
25.37 , 1.96203
25.38 , 2.03899
25.39 , 2.11496
25.4 , 2.18995
25.41 , 2.26396
25.42 , 2.33699
25.43 , 2.40903
25.44 , 2.4801
25.45 , 2.55019
25.46 , 2.61929
25.47 , 2.68742
25.48 , 2.75456
25.49 , 2.82072
25.5 , 2.8859
25.51 , 2.9501
25.52 , 3.01332
25.53 , 3.07556
25.54 , 3.13681
25.55 , 3.19709
25.56 , 3.25638
25.57 , 3.3147
25.58 , 3.37203
25.59 , 3.42838
25.6 , 3.48375
25.61 , 3.53814
25.62 , 3.59155
25.63 , 3.64398
25.64 , 3.69543
25.65 , 3.74589
25.66 , 3.79538
25.67 , 3.84388
25.68 , 3.8914
25.69 , 3.93794
25.7 , 3.98351
25.71 , 4.02809
25.72 , 4.07168
25.73 , 4.1143
25.74 , 4.15594
25.75 , 4.19659
25.76 , 4.23627
25.77 , 4.27496
25.78 , 4.31268
25.79 , 4.34941
25.8 , 4.38516
25.81 , 4.41993
25.82 , 4.45372
25.83 , 4.48652
25.84 , 4.51835
25.85 , 4.5492
25.86 , 4.57906
25.87 , 4.60795
25.88 , 4.63585
25.89 , 4.66277
25.9 , 4.68871
25.91 , 4.71367
25.92 , 4.73765
25.93 , 4.76065
25.94 , 4.78266
25.95 , 4.8037
25.96 , 4.82375
25.97 , 4.84283
25.98 , 4.86092
25.99 , 4.87803
26 , 4.89416
26.01 , 4.90931
26.02 , 4.92348
26.03 , 4.93667
26.04 , 4.94888
26.05 , 4.9601
26.06 , 4.97035
26.07 , 4.97961
26.08 , 4.98789
26.09 , 4.99519
26.1 , 5.00151
26.11 , 5.00685
26.12 , 5.01121
26.13 , 5.01459
26.14 , 5.01699
26.15 , 5.0184
26.16 , 5.01884
26.17 , 5.01829
26.18 , 5.01676
26.19 , 5.01426
26.2 , 5.01077
26.21 , 5.0063
26.22 , 5.00085
26.23 , 4.99441
26.24 , 4.987
26.25 , 4.97861
26.26 , 4.96923
26.27 , 4.95887
26.28 , 4.94754
26.29 , 4.93522
26.3 , 4.92192
26.31 , 4.90764
26.32 , 4.89238
26.33 , 4.87614
26.34 , 4.85891
26.35 , 4.84071
26.36 , 4.82152
26.37 , 4.80136
26.38 , 4.78021
26.39 , 4.75808
26.4 , 4.73497
26.41 , 4.71088
26.42 , 4.68581
26.43 , 4.65976
26.44 , 4.63272
26.45 , 4.60471
26.46 , 4.57572
26.47 , 4.54574
26.48 , 4.51478
26.49 , 4.48284
26.5 , 4.44992
26.51 , 4.41602
26.52 , 4.38114
26.53 , 4.34528
26.54 , 4.30844
26.55 , 4.27061
26.56 , 4.23181
26.57 , 4.19202
26.58 , 4.15125
26.59 , 4.10951
26.6 , 4.06678
26.61 , 4.02307
26.62 , 3.97837
26.63 , 3.9327
26.64 , 3.88605
26.65 , 3.83842
26.66 , 3.7898
26.67 , 3.7402
26.68 , 3.68963
26.69 , 3.63807
26.7 , 3.58553
26.71 , 3.53201
26.72 , 3.47751
26.73 , 3.42203
26.74 , 3.36556
26.75 , 3.30812
26.76 , 3.24969
26.77 , 3.19029
26.78 , 3.1299
26.79 , 3.06853
26.8 , 3.00618
26.81 , 2.94285
26.82 , 2.87854
26.83 , 2.81325
26.84 , 2.74697
26.85 , 2.67972
26.86 , 2.61148
26.87 , 2.54227
26.88 , 2.47207
26.89 , 2.40089
26.9 , 2.32873
26.91 , 2.25559
26.92 , 2.18147
26.93 , 2.10637
26.94 , 2.03029
26.95 , 1.95322
26.96 , 1.87518
26.97 , 1.79615
26.98 , 1.71614
26.99 , 1.63516
27 , 1.55319
27.01 , 1.47024
27.02 , 1.3863
27.03 , 1.30139
27.04 , 1.2155
27.05 , 1.12862
27.06 , 1.04077
27.07 , 0.951933
27.08 , 0.862116
27.09 , 0.771317
27.1 , 0.679538
27.11 , 0.586778
27.12 , 0.493037
27.13 , 0.398314
27.14 , 0.303498
27.15 , 0.210214
27.16 , 0.120064
27.17 , 0.0345938
27.18 , -0.0447295
27.19 , -0.116545
27.2 , -0.179621
27.21 , -0.232874
27.22 , -0.275391
27.23 , -0.306442
27.24 , -0.325496
27.25 , -0.332223
27.26 , -0.32651
27.27 , -0.308455
27.28 , -0.278366
27.29 , -0.236761
27.3 , -0.184353
27.31 , -0.122041
27.32 , -0.0508953
27.33 , 0.0278643
27.34 , 0.112886
27.35 , 0.202711
27.36 , 0.295798
27.37 , 0.39055
27.38 , 0.485341
27.39 , 0.579152
27.4 , 0.671981
27.41 , 0.763829
27.42 , 0.854696
27.43 , 0.944582
27.44 , 1.03349
27.45 , 1.12141
27.46 , 1.20835
27.47 , 1.29432
27.48 , 1.3793
27.49 , 1.4633
27.5 , 1.54632
27.51 , 1.62836
27.52 , 1.70941
27.53 , 1.78949
27.54 , 1.86858
27.55 , 1.9467
27.56 , 2.02383
27.57 , 2.09998
27.58 , 2.17515
27.59 , 2.24934
27.6 , 2.32255
27.61 , 2.39478
27.62 , 2.46603
27.63 , 2.53629
27.64 , 2.60558
27.65 , 2.67388
27.66 , 2.74121
27.67 , 2.80755
27.68 , 2.87291
27.69 , 2.93729
27.7 , 3.00069
27.71 , 3.06311
27.72 , 3.12454
27.73 , 3.185
27.74 , 3.24448
27.75 , 3.30297
27.76 , 3.36048
27.77 , 3.41702
27.78 , 3.47257
27.79 , 3.52714
27.8 , 3.58073
27.81 , 3.63333
27.82 , 3.68496
27.83 , 3.73561
27.84 , 3.78527
27.85 , 3.83396
27.86 , 3.88166
27.87 , 3.92838
27.88 , 3.97412
27.89 , 4.01888
27.9 , 4.06266
27.91 , 4.10546
27.92 , 4.14728
27.93 , 4.18811
27.94 , 4.22797
27.95 , 4.26684
27.96 , 4.30474
27.97 , 4.34165
27.98 , 4.37758
27.99 , 4.41253
28 , 4.4465
28.01 , 4.47949
28.02 , 4.51149
28.03 , 4.54252
28.04 , 4.57256
28.05 , 4.60163
28.06 , 4.62971
28.07 , 4.65681
28.08 , 4.68294
28.09 , 4.70808
28.1 , 4.73223
28.11 , 4.75541
28.12 , 4.77761
28.13 , 4.79883
28.14 , 4.81906
28.15 , 4.83831
28.16 , 4.85659
28.17 , 4.87388
28.18 , 4.89019
28.19 , 4.90552
28.2 , 4.91987
28.21 , 4.93324
28.22 , 4.94563
28.23 , 4.95703
28.24 , 4.96746
28.25 , 4.9769
28.26 , 4.98536
28.27 , 4.99285
28.28 , 4.99935
28.29 , 5.00487
28.3 , 5.00941
28.31 , 5.01296
28.32 , 5.01554
28.33 , 5.01714
28.34 , 5.01775
28.35 , 5.01739
28.36 , 5.01604
28.37 , 5.01371
28.38 , 5.0104
28.39 , 5.00611
28.4 , 5.00084
28.41 , 4.99459
28.42 , 4.98736
28.43 , 4.97914
28.44 , 4.96995
28.45 , 4.95977
28.46 , 4.94862
28.47 , 4.93648
28.48 , 4.92336
28.49 , 4.90926
28.5 , 4.89418
28.51 , 4.87812
28.52 , 4.86107
28.53 , 4.84305
28.54 , 4.82405
28.55 , 4.80406
28.56 , 4.78309
28.57 , 4.76115
28.58 , 4.73822
28.59 , 4.71431
28.6 , 4.68942
28.61 , 4.66354
28.62 , 4.63669
28.63 , 4.60886
28.64 , 4.58004
28.65 , 4.55025
28.66 , 4.51947
28.67 , 4.48771
28.68 , 4.45497
28.69 , 4.42125
28.7 , 4.38655
28.71 , 4.35087
28.72 , 4.31421
28.73 , 4.27656
28.74 , 4.23794
28.75 , 4.19833
28.76 , 4.15775
28.77 , 4.11618
28.78 , 4.07363
28.79 , 4.0301
28.8 , 3.98559
28.81 , 3.9401
28.82 , 3.89362
28.83 , 3.84617
28.84 , 3.79773
28.85 , 3.74832
28.86 , 3.69792
28.87 , 3.64654
28.88 , 3.59418
28.89 , 3.54085
28.9 , 3.48652
28.91 , 3.43122
28.92 , 3.37494
28.93 , 3.31768
28.94 , 3.25943
28.95 , 3.2002
28.96 , 3.14
28.97 , 3.07881
28.98 , 3.01664
28.99 , 2.95349
29 , 2.88936
29.01 , 2.82425
29.02 , 2.75816
29.03 , 2.69108
29.04 , 2.62303
29.05 , 2.55399
29.06 , 2.48397
29.07 , 2.41298
29.08 , 2.341
29.09 , 2.26804
29.1 , 2.1941
29.11 , 2.11917
29.12 , 2.04327
29.13 , 1.96639
29.14 , 1.88852
29.15 , 1.80968
29.16 , 1.72985
29.17 , 1.64904
29.18 , 1.56725
29.19 , 1.48448
29.2 , 1.40073
29.21 , 1.316
29.22 , 1.23029
29.23 , 1.14359
29.24 , 1.05592
29.25 , 0.967264
29.26 , 0.877627
29.27 , 0.787009
29.28 , 0.69541
29.29 , 0.60283
29.3 , 0.509269
29.31 , 0.414727
29.32 , 0.31981
29.33 , 0.226145
29.34 , 0.13534
29.35 , 0.0489534
29.36 , -0.031533
29.37 , -0.104738
29.38 , -0.169405
29.39 , -0.224426
29.4 , -0.268855
29.41 , -0.301931
29.42 , -0.323086
29.43 , -0.331957
29.44 , -0.328392
29.45 , -0.312451
29.46 , -0.28441
29.47 , -0.244747
29.48 , -0.194145
29.49 , -0.133472
29.5 , -0.0637679
29.51 , 0.0137705
29.52 , 0.097813
29.53 , 0.186918
29.54 , 0.279555
29.55 , 0.374136
29.56 , 0.469038
29.57 , 0.562959
29.58 , 0.655899
29.59 , 0.747858
29.6 , 0.838836
29.61 , 0.928832
29.62 , 1.01785
29.63 , 1.10588
29.64 , 1.19294
29.65 , 1.27901
29.66 , 1.3641
29.67 , 1.44821
29.68 , 1.53134
29.69 , 1.61349
29.7 , 1.69466
29.71 , 1.77485
29.72 , 1.85405
29.73 , 1.93228
29.74 , 2.00952
29.75 , 2.08578
29.76 , 2.16107
29.77 , 2.23537
29.78 , 2.30869
29.79 , 2.38102
29.8 , 2.45238
29.81 , 2.52276
29.82 , 2.59216
29.83 , 2.66057
29.84 , 2.728
29.85 , 2.79446
29.86 , 2.85993
29.87 , 2.92442
29.88 , 2.98793
29.89 , 3.05046
29.9 , 3.11201
29.91 , 3.17257
29.92 , 3.23216
29.93 , 3.29076
29.94 , 3.34839
29.95 , 3.40503
29.96 , 3.46069
29.97 , 3.51537
29.98 , 3.56907
29.99 , 3.62179
30 , 3.67353
30.01 , 3.72429
30.02 , 3.77406
30.03 , 3.82286
30.04 , 3.87067
30.05 , 3.9175
30.06 , 3.96336
30.07 , 4.00823
30.08 , 4.05212
30.09 , 4.09503
30.1 , 4.13695
30.11 , 4.1779
30.12 , 4.21787
30.13 , 4.25685
30.14 , 4.29486
30.15 , 4.33188
30.16 , 4.36792
30.17 , 4.40298
30.18 , 4.43706
30.19 , 4.47016
30.2 , 4.50228
30.21 , 4.53341
30.22 , 4.56357
30.23 , 4.59274
30.24 , 4.62094
30.25 , 4.64815
30.26 , 4.67438
30.27 , 4.69963
30.28 , 4.7239
30.29 , 4.74719
30.3 , 4.7695
30.31 , 4.79083
30.32 , 4.81117
30.33 , 4.83054
30.34 , 4.84892
30.35 , 4.86633
30.36 , 4.88275
30.37 , 4.89819
30.38 , 4.91265
30.39 , 4.92613
30.4 , 4.93862
30.41 , 4.95014
30.42 , 4.96068
30.43 , 4.97023
30.44 , 4.97881
30.45 , 4.9864
30.46 , 4.99301
30.47 , 4.99864
30.48 , 5.00329
30.49 , 5.00696
30.5 , 5.00965
30.51 , 5.01136
30.52 , 5.01208
30.53 , 5.01183
30.54 , 5.01059
30.55 , 5.00837
30.56 , 5.00517
30.57 , 5.001
30.58 , 4.99584
30.59 , 4.98969
30.6 , 4.98257
30.61 , 4.97447
30.62 , 4.96538
30.63 , 4.95532
30.64 , 4.94427
30.65 , 4.93225
30.66 , 4.91924
30.67 , 4.90525
30.68 , 4.89028
30.69 , 4.87433
30.7 , 4.8574
30.71 , 4.83948
30.72 , 4.82059
30.73 , 4.80071
30.74 , 4.77986
30.75 , 4.75802
30.76 , 4.7352
30.77 , 4.7114
30.78 , 4.68662
30.79 , 4.66086
30.8 , 4.63412
30.81 , 4.6064
30.82 , 4.57769
30.83 , 4.54801
30.84 , 4.51734
30.85 , 4.48569
30.86 , 4.45307
30.87 , 4.41946
30.88 , 4.38487
30.89 , 4.34929
30.9 , 4.31274
30.91 , 4.27521
30.92 , 4.2367
30.93 , 4.1972
30.94 , 4.15672
30.95 , 4.11527
30.96 , 4.07283
30.97 , 4.02941
30.98 , 3.98501
30.99 , 3.93963
31 , 3.89327
31.01 , 3.84592
31.02 , 3.7976
31.03 , 3.74829
31.04 , 3.69801
31.05 , 3.64674
31.06 , 3.59449
31.07 , 3.54126
31.08 , 3.48705
31.09 , 3.43186
31.1 , 3.37569
31.11 , 3.31854
31.12 , 3.2604
31.13 , 3.20129
31.14 , 3.14119
31.15 , 3.08011
31.16 , 3.01806
31.17 , 2.95502
31.18 , 2.891
31.19 , 2.826
31.2 , 2.76001
31.21 , 2.69305
31.22 , 2.62511
31.23 , 2.55618
31.24 , 2.48628
31.25 , 2.41539
31.26 , 2.34352
31.27 , 2.27067
31.28 , 2.19684
31.29 , 2.12203
31.3 , 2.04624
31.31 , 1.96946
31.32 , 1.89171
31.33 , 1.81297
31.34 , 1.73326
31.35 , 1.65256
31.36 , 1.57088
31.37 , 1.48822
31.38 , 1.40458
31.39 , 1.31996
31.4 , 1.23436
31.41 , 1.14778
31.42 , 1.06021
31.43 , 0.971669
31.44 , 0.882142
31.45 , 0.791635
31.46 , 0.700147
31.47 , 0.607678
31.48 , 0.514228
31.49 , 0.419797
31.5 , 0.324903
31.51 , 0.231174
31.52 , 0.14022
31.53 , 0.0535993
31.54 , -0.0272004
31.55 , -0.100793
31.56 , -0.165916
31.57 , -0.221452
31.58 , -0.266447
31.59 , -0.300131
31.6 , -0.321924
31.61 , -0.331454
31.62 , -0.328555
31.63 , -0.313279
31.64 , -0.285888
31.65 , -0.24685
31.66 , -0.196837
31.67 , -0.136706
31.68 , -0.0674888
31.69 , 0.00962653
31.7 , 0.093317
31.71 , 0.182147
31.72 , 0.274591
31.73 , 0.369065
31.74 , 0.463946
31.75 , 0.557846
31.76 , 0.650765
31.77 , 0.742703
31.78 , 0.83366
31.79 , 0.923636
31.8 , 1.01263
31.81 , 1.10065
31.82 , 1.18768
31.83 , 1.27373
31.84 , 1.3588
31.85 , 1.44289
31.86 , 1.526
31.87 , 1.60813
31.88 , 1.68928
31.89 , 1.76944
31.9 , 1.84863
31.91 , 1.92683
31.92 , 2.00405
31.93 , 2.0803
31.94 , 2.15556
31.95 , 2.22984
31.96 , 2.30314
31.97 , 2.37545
31.98 , 2.44679
31.99 , 2.51715
32 , 2.58652
32.01 , 2.65492
32.02 , 2.72233
32.03 , 2.78876
32.04 , 2.85421
32.05 , 2.91868
32.06 , 2.98217
32.07 , 3.04468
32.08 , 3.10621
32.09 , 3.16675
32.1 , 3.22632
32.11 , 3.2849
32.12 , 3.3425
32.13 , 3.39913
32.14 , 3.45477
32.15 , 3.50943
32.16 , 3.56311
32.17 , 3.61581
32.18 , 3.66752
32.19 , 3.71826
32.2 , 3.76801
32.21 , 3.81679
32.22 , 3.86458
32.23 , 3.91139
32.24 , 3.95722
32.25 , 4.00207
32.26 , 4.04594
32.27 , 4.08883
32.28 , 4.13074
32.29 , 4.17166
32.3 , 4.21161
32.31 , 4.25057
32.32 , 4.28856
32.33 , 4.32556
32.34 , 4.36158
32.35 , 4.39662
32.36 , 4.43068
32.37 , 4.46376
32.38 , 4.49585
32.39 , 4.52697
32.4 , 4.5571
32.41 , 4.58626
32.42 , 4.61443
32.43 , 4.64162
32.44 , 4.66783
32.45 , 4.69306
32.46 , 4.71731
32.47 , 4.74058
32.48 , 4.76287
32.49 , 4.78418
32.5 , 4.8045
32.51 , 4.82384
32.52 , 4.84221
32.53 , 4.85959
32.54 , 4.87599
32.55 , 4.89141
32.56 , 4.90585
32.57 , 4.91931
32.58 , 4.93178
32.59 , 4.94328
32.6 , 4.9538
32.61 , 4.96333
32.62 , 4.97188
32.63 , 4.97946
32.64 , 4.98605
32.65 , 4.99166
32.66 , 4.99629
32.67 , 4.99993
32.68 , 5.0026
32.69 , 5.00429
32.7 , 5.00499
32.71 , 5.00472
32.72 , 5.00346
32.73 , 5.00122
32.74 , 4.998
32.75 , 4.9938
32.76 , 4.98862
32.77 , 4.98246
32.78 , 4.97532
32.79 , 4.96719
32.8 , 4.95809
32.81 , 4.948
32.82 , 4.93693
32.83 , 4.92489
32.84 , 4.91186
32.85 , 4.89785
32.86 , 4.88286
32.87 , 4.86688
32.88 , 4.84993
32.89 , 4.832
32.9 , 4.81308
32.91 , 4.79319
32.92 , 4.77231
32.93 , 4.75045
32.94 , 4.72761
32.95 , 4.70379
32.96 , 4.67899
32.97 , 4.65321
32.98 , 4.62645
32.99 , 4.5987
33 , 4.56998
33.01 , 4.54027
33.02 , 4.50959
33.03 , 4.47792
33.04 , 4.44527
33.05 , 4.41164
33.06 , 4.37703
33.07 , 4.34144
33.08 , 4.30486
33.09 , 4.26731
33.1 , 4.22877
33.11 , 4.18926
33.12 , 4.14876
33.13 , 4.10728
33.14 , 4.06482
33.15 , 4.02138
33.16 , 3.97696
33.17 , 3.93156
33.18 , 3.88518
33.19 , 3.83781
33.2 , 3.78947
33.21 , 3.74014
33.22 , 3.68984
33.23 , 3.63855
33.24 , 3.58628
33.25 , 3.53303
33.26 , 3.4788
33.27 , 3.42359
33.28 , 3.36739
33.29 , 3.31022
33.3 , 3.25207
33.31 , 3.19293
33.32 , 3.13281
33.33 , 3.07171
33.34 , 3.00964
33.35 , 2.94658
33.36 , 2.88253
33.37 , 2.81751
33.38 , 2.75151
33.39 , 2.68453
33.4 , 2.61656
33.41 , 2.54761
33.42 , 2.47769
33.43 , 2.40678
33.44 , 2.33489
33.45 , 2.26202
33.46 , 2.18817
33.47 , 2.11334
33.48 , 2.03753
33.49 , 1.96073
33.5 , 1.88296
33.51 , 1.8042
33.52 , 1.72446
33.53 , 1.64375
33.54 , 1.56205
33.55 , 1.47937
33.56 , 1.39571
33.57 , 1.31106
33.58 , 1.22544
33.59 , 1.13884
33.6 , 1.05125
33.61 , 0.962686
33.62 , 0.873139
33.63 , 0.782611
33.64 , 0.691102
33.65 , 0.598612
33.66 , 0.505141
33.67 , 0.410689
33.68 , 0.315931
33.69 , 0.222492
33.7 , 0.131976
33.71 , 0.0459352
33.72 , -0.0341532
33.73 , -0.106915
33.74 , -0.171102
33.75 , -0.225614
33.76 , -0.269513
33.77 , -0.302048
33.78 , -0.32266
33.79 , -0.330995
33.8 , -0.32691
33.81 , -0.310476
33.82 , -0.281974
33.83 , -0.241894
33.84 , -0.190923
33.85 , -0.129936
33.86 , -0.0599784
33.87 , 0.0177483
33.88 , 0.101911
33.89 , 0.191065
33.9 , 0.283681
33.91 , 0.37817
33.92 , 0.47291
33.93 , 0.566669
33.94 , 0.659448
33.95 , 0.751245
33.96 , 0.842062
33.97 , 0.931897
33.98 , 1.02075
33.99 , 1.10862
34 , 1.19552
34.01 , 1.28143
34.02 , 1.36636
34.03 , 1.45031
34.04 , 1.53328
34.05 , 1.61526
34.06 , 1.69627
34.07 , 1.7763
34.08 , 1.85534
34.09 , 1.9334
34.1 , 2.01049
34.11 , 2.08659
34.12 , 2.16171
34.13 , 2.23585
34.14 , 2.309
34.15 , 2.38118
34.16 , 2.45238
34.17 , 2.52259
34.18 , 2.59183
34.19 , 2.66008
34.2 , 2.72735
34.21 , 2.79365
34.22 , 2.85896
34.23 , 2.92328
34.24 , 2.98663
34.25 , 3.049
34.26 , 3.11039
34.27 , 3.17079
34.28 , 3.23022
34.29 , 3.28866
34.3 , 3.34612
34.31 , 3.4026
34.32 , 3.4581
34.33 , 3.51262
34.34 , 3.56616
34.35 , 3.61872
34.36 , 3.6703
34.37 , 3.72089
34.38 , 3.7705
34.39 , 3.81914
34.4 , 3.86679
34.41 , 3.91346
34.42 , 3.95915
34.43 , 4.00386
34.44 , 4.04759
34.45 , 4.09034
34.46 , 4.1321
34.47 , 4.17289
34.48 , 4.21269
34.49 , 4.25152
34.5 , 4.28936
34.51 , 4.32622
34.52 , 4.3621
34.53 , 4.397
34.54 , 4.43092
34.55 , 4.46386
34.56 , 4.49581
34.57 , 4.52679
34.58 , 4.55678
34.59 , 4.5858
34.6 , 4.61383
34.61 , 4.64088
34.62 , 4.66695
34.63 , 4.69204
34.64 , 4.71615
34.65 , 4.73927
34.66 , 4.76142
34.67 , 4.78259
34.68 , 4.80277
34.69 , 4.82197
34.7 , 4.8402
34.71 , 4.85744
34.72 , 4.8737
34.73 , 4.88898
34.74 , 4.90328
34.75 , 4.91659
34.76 , 4.92893
34.77 , 4.94028
34.78 , 4.95066
34.79 , 4.96005
34.8 , 4.96846
34.81 , 4.9759
34.82 , 4.98235
34.83 , 4.98782
34.84 , 4.9923
34.85 , 4.99581
34.86 , 4.99834
34.87 , 4.99988
34.88 , 5.00045
34.89 , 5.00003
34.9 , 4.99863
34.91 , 4.99625
34.92 , 4.99289
34.93 , 4.98855
34.94 , 4.98323
34.95 , 4.97693
34.96 , 4.96965
34.97 , 4.96138
34.98 , 4.95214
34.99 , 4.94191
35 , 4.9307
35.01 , 4.91851
35.02 , 4.90534
35.03 , 4.89119
35.04 , 4.87606
35.05 , 4.85995
35.06 , 4.84285
35.07 , 4.82478
35.08 , 4.80572
35.09 , 4.78569
35.1 , 4.76467
35.11 , 4.74267
35.12 , 4.71969
35.13 , 4.69573
35.14 , 4.67079
35.15 , 4.64487
35.16 , 4.61796
35.17 , 4.59008
35.18 , 4.56121
35.19 , 4.53137
35.2 , 4.50054
35.21 , 4.46873
35.22 , 4.43594
35.23 , 4.40217
35.24 , 4.36742
35.25 , 4.33168
35.26 , 4.29497
35.27 , 4.25728
35.28 , 4.2186
35.29 , 4.17894
35.3 , 4.13831
35.31 , 4.09669
35.32 , 4.05409
35.33 , 4.01051
35.34 , 3.96595
35.35 , 3.9204
35.36 , 3.87388
35.37 , 3.82637
35.38 , 3.77789
35.39 , 3.72842
35.4 , 3.67797
35.41 , 3.62655
35.42 , 3.57414
35.43 , 3.52075
35.44 , 3.46637
35.45 , 3.41102
35.46 , 3.35469
35.47 , 3.29737
35.48 , 3.23908
35.49 , 3.1798
35.5 , 3.11954
35.51 , 3.0583
35.52 , 2.99609
35.53 , 2.93288
35.54 , 2.8687
35.55 , 2.80354
35.56 , 2.7374
35.57 , 2.67027
35.58 , 2.60217
35.59 , 2.53308
35.6 , 2.46301
35.61 , 2.39196
35.62 , 2.31993
35.63 , 2.24692
35.64 , 2.17293
35.65 , 2.09796
35.66 , 2.022
35.67 , 1.94507
35.68 , 1.86715
35.69 , 1.78826
35.7 , 1.70838
35.71 , 1.62752
35.72 , 1.54568
35.73 , 1.46286
35.74 , 1.37906
35.75 , 1.29428
35.76 , 1.20851
35.77 , 1.12177
35.78 , 1.03404
35.79 , 0.945336
35.8 , 0.855649
35.81 , 0.76498
35.82 , 0.67333
35.83 , 0.5807
35.84 , 0.487088
35.85 , 0.392495
35.86 , 0.297908
35.87 , 0.20495
35.88 , 0.115216
35.89 , 0.0302443
35.9 , -0.0485056
35.91 , -0.119683
35.92 , -0.182066
35.93 , -0.234585
35.94 , -0.276339
35.95 , -0.306611
35.96 , -0.324881
35.97 , -0.330837
35.98 , -0.324376
35.99 , -0.305608
36 , -0.274857
36.01 , -0.232649
36.02 , -0.179709
36.03 , -0.116945
36.04 , -0.0454341
36.05 , 0.0335967
36.06 , 0.118791
36.07 , 0.208688
36.08 , 0.301744
36.09 , 0.396363
36.1 , 0.490921
36.11 , 0.584499
36.12 , 0.677095
36.13 , 0.768711
36.14 , 0.859345
36.15 , 0.948998
36.16 , 1.03767
36.17 , 1.12536
36.18 , 1.21207
36.19 , 1.2978
36.2 , 1.38255
36.21 , 1.46632
36.22 , 1.5491
36.23 , 1.63091
36.24 , 1.71173
36.25 , 1.79158
36.26 , 1.87044
36.27 , 1.94832
36.28 , 2.02522
36.29 , 2.10114
36.3 , 2.17608
36.31 , 2.25004
36.32 , 2.32301
36.33 , 2.39501
36.34 , 2.46602
36.35 , 2.53606
36.36 , 2.60511
36.37 , 2.67318
36.38 , 2.74027
36.39 , 2.80638
36.4 , 2.87151
36.41 , 2.93565
36.42 , 2.99882
36.43 , 3.06101
36.44 , 3.12221
36.45 , 3.18243
36.46 , 3.24168
36.47 , 3.29994
36.48 , 3.35722
36.49 , 3.41352
36.5 , 3.46884
36.51 , 3.52317
36.52 , 3.57653
36.53 , 3.6289
36.54 , 3.6803
36.55 , 3.73071
36.56 , 3.78014
36.57 , 3.8286
36.58 , 3.87607
36.59 , 3.92256
36.6 , 3.96806
36.61 , 4.01259
36.62 , 4.05614
36.63 , 4.0987
36.64 , 4.14029
36.65 , 4.18089
36.66 , 4.22051
36.67 , 4.25915
36.68 , 4.29682
36.69 , 4.33349
36.7 , 4.36919
36.71 , 4.40391
36.72 , 4.43765
36.73 , 4.4704
36.74 , 4.50218
36.75 , 4.53297
36.76 , 4.56278
36.77 , 4.59161
36.78 , 4.61946
36.79 , 4.64633
36.8 , 4.67222
36.81 , 4.69713
36.82 , 4.72106
36.83 , 4.744
36.84 , 4.76596
36.85 , 4.78695
36.86 , 4.80695
36.87 , 4.82597
36.88 , 4.84401
36.89 , 4.86107
36.9 , 4.87715
36.91 , 4.89225
36.92 , 4.90636
36.93 , 4.9195
36.94 , 4.93165
36.95 , 4.94283
36.96 , 4.95302
36.97 , 4.96223
36.98 , 4.97046
36.99 , 4.97771
37 , 4.98398
37.01 , 4.98927
37.02 , 4.99357
37.03 , 4.9969
37.04 , 4.99924
37.05 , 5.00061
37.06 , 5.00099
37.07 , 5.00039
37.08 , 4.99881
37.09 , 4.99625
37.1 , 4.99271
37.11 , 4.98818
37.12 , 4.98268
37.13 , 4.9762
37.14 , 4.96873
37.15 , 4.96028
37.16 , 4.95086
37.17 , 4.94045
37.18 , 4.92906
37.19 , 4.91669
37.2 , 4.90334
37.21 , 4.889
37.22 , 4.87369
37.23 , 4.85739
37.24 , 4.84012
37.25 , 4.82186
37.26 , 4.80262
37.27 , 4.78241
37.28 , 4.76121
37.29 , 4.73903
37.3 , 4.71586
37.31 , 4.69172
37.32 , 4.6666
37.33 , 4.64049
37.34 , 4.61341
37.35 , 4.58534
37.36 , 4.55629
37.37 , 4.52626
37.38 , 4.49525
37.39 , 4.46326
37.4 , 4.43029
37.41 , 4.39634
37.42 , 4.36141
37.43 , 4.32549
37.44 , 4.2886
37.45 , 4.25072
37.46 , 4.21186
37.47 , 4.17202
37.48 , 4.1312
37.49 , 4.0894
37.5 , 4.04662
37.51 , 4.00286
37.52 , 3.95811
37.53 , 3.91239
37.54 , 3.86568
37.55 , 3.818
37.56 , 3.76933
37.57 , 3.71968
37.58 , 3.66905
37.59 , 3.61744
37.6 , 3.56485
37.61 , 3.51128
37.62 , 3.45672
37.63 , 3.40119
37.64 , 3.34467
37.65 , 3.28718
37.66 , 3.2287
37.67 , 3.16924
37.68 , 3.1088
37.69 , 3.04738
37.7 , 2.98498
37.71 , 2.9216
37.72 , 2.85723
37.73 , 2.79189
37.74 , 2.72556
37.75 , 2.65826
37.76 , 2.58997
37.77 , 2.5207
37.78 , 2.45045
37.79 , 2.37922
37.8 , 2.30701
37.81 , 2.23381
37.82 , 2.15964
37.83 , 2.08449
37.84 , 2.00835
37.85 , 1.93123
37.86 , 1.85314
37.87 , 1.77406
37.88 , 1.694
37.89 , 1.61296
37.9 , 1.53094
37.91 , 1.44793
37.92 , 1.36395
37.93 , 1.27898
37.94 , 1.19304
37.95 , 1.10611
37.96 , 1.0182
37.97 , 0.929316
37.98 , 0.839446
37.99 , 0.748596
38 , 0.656764
38.01 , 0.563951
38.02 , 0.470158
38.03 , 0.375383
38.04 , 0.280908
38.05 , 0.188353
38.06 , 0.0993063
38.07 , 0.0152961
38.08 , -0.0622361
38.09 , -0.13196
38.1 , -0.19268
38.11 , -0.243353
38.12 , -0.28311
38.13 , -0.311269
38.14 , -0.327347
38.15 , -0.331068
38.16 , -0.322368
38.17 , -0.301396
38.18 , -0.268513
38.19 , -0.224282
38.2 , -0.169462
38.21 , -0.104994
38.22 , -0.0319846
38.23 , 0.0483142
38.24 , 0.134524
38.25 , 0.225166
38.26 , 0.318685
38.27 , 0.413477
38.28 , 0.507913
38.29 , 0.601369
38.3 , 0.693844
38.31 , 0.785338
38.32 , 0.875851
38.33 , 0.965382
38.34 , 1.05393
38.35 , 1.1415
38.36 , 1.22809
38.37 , 1.3137
38.38 , 1.39833
38.39 , 1.48197
38.4 , 1.56464
38.41 , 1.64632
38.42 , 1.72702
38.43 , 1.80675
38.44 , 1.88549
38.45 , 1.96325
38.46 , 2.04002
38.47 , 2.11582
38.48 , 2.19064
38.49 , 2.26448
38.5 , 2.33733
38.51 , 2.4092
38.52 , 2.4801
38.53 , 2.55001
38.54 , 2.61894
38.55 , 2.68689
38.56 , 2.75386
38.57 , 2.81985
38.58 , 2.88485
38.59 , 2.94888
38.6 , 3.01192
38.61 , 3.07399
38.62 , 3.13507
38.63 , 3.19517
38.64 , 3.25429
38.65 , 3.31243
38.66 , 3.36959
38.67 , 3.42577
38.68 , 3.48097
38.69 , 3.53518
38.7 , 3.58842
38.71 , 3.64067
38.72 , 3.69194
38.73 , 3.74223
38.74 , 3.79155
38.75 , 3.83988
38.76 , 3.88722
38.77 , 3.93359
38.78 , 3.97898
38.79 , 4.02338
38.8 , 4.06681
38.81 , 4.10925
38.82 , 4.15072
38.83 , 4.1912
38.84 , 4.2307
38.85 , 4.26922
38.86 , 4.30676
38.87 , 4.34331
38.88 , 4.37889
38.89 , 4.41349
38.9 , 4.4471
38.91 , 4.47974
38.92 , 4.51139
38.93 , 4.54206
38.94 , 4.57175
38.95 , 4.60046
38.96 , 4.62819
38.97 , 4.65494
38.98 , 4.6807
38.99 , 4.70549
39 , 4.7293
39.01 , 4.75212
39.02 , 4.77396
39.03 , 4.79482
39.04 , 4.8147
39.05 , 4.8336
39.06 , 4.85152
39.07 , 4.86846
39.08 , 4.88442
39.09 , 4.89939
39.1 , 4.91339
39.11 , 4.9264
39.12 , 4.93844
39.13 , 4.94949
39.14 , 4.95956
39.15 , 4.96865
39.16 , 4.97676
39.17 , 4.98388
39.18 , 4.99003
39.19 , 4.9952
39.2 , 4.99938
39.21 , 5.00259
39.22 , 5.00481
39.23 , 5.00605
39.24 , 5.00631
39.25 , 5.00559
39.26 , 5.00389
39.27 , 5.00121
39.28 , 4.99754
39.29 , 4.9929
39.3 , 4.98727
39.31 , 4.98067
39.32 , 4.97308
39.33 , 4.96451
39.34 , 4.95496
39.35 , 4.94443
39.36 , 4.93292
39.37 , 4.92043
39.38 , 4.90696
39.39 , 4.8925
39.4 , 4.87707
39.41 , 4.86065
39.42 , 4.84325
39.43 , 4.82488
39.44 , 4.80552
39.45 , 4.78518
39.46 , 4.76386
39.47 , 4.74155
39.48 , 4.71827
39.49 , 4.69401
39.5 , 4.66876
39.51 , 4.64253
39.52 , 4.61533
39.53 , 4.58714
39.54 , 4.55797
39.55 , 4.52782
39.56 , 4.49669
39.57 , 4.46458
39.58 , 4.43148
39.59 , 4.39741
39.6 , 4.36235
39.61 , 4.32632
39.62 , 4.2893
39.63 , 4.2513
39.64 , 4.21232
39.65 , 4.17236
39.66 , 4.13142
39.67 , 4.0895
39.68 , 4.0466
39.69 , 4.00271
39.7 , 3.95785
39.71 , 3.912
39.72 , 3.86517
39.73 , 3.81737
39.74 , 3.76858
39.75 , 3.71881
39.76 , 3.66805
39.77 , 3.61632
39.78 , 3.56361
39.79 , 3.50992
39.8 , 3.45524
39.81 , 3.39958
39.82 , 3.34295
39.83 , 3.28533
39.84 , 3.22673
39.85 , 3.16715
39.86 , 3.10659
39.87 , 3.04505
39.88 , 2.98252
39.89 , 2.91902
39.9 , 2.85453
39.91 , 2.78907
39.92 , 2.72262
39.93 , 2.65519
39.94 , 2.58678
39.95 , 2.51739
39.96 , 2.44702
39.97 , 2.37567
39.98 , 2.30334
39.99 , 2.23002
40 , 2.15573
40.01 , 2.08045
40.02 , 2.00419
40.03 , 1.92695
40.04 , 1.84874
40.05 , 1.76954
40.06 , 1.68935
40.07 , 1.60819
40.08 , 1.52605
40.09 , 1.44292
40.1 , 1.35882
40.11 , 1.27373
40.12 , 1.18767
40.13 , 1.10062
40.14 , 1.01259
40.15 , 0.923578
40.16 , 0.833587
40.17 , 0.742615
40.18 , 0.650662
40.19 , 0.557728
40.2 , 0.463812
40.21 , 0.368916
40.22 , 0.27443
40.23 , 0.181976
40.24 , 0.0931394
40.25 , 0.00944509
40.26 , -0.067671
40.27 , -0.136886
40.28 , -0.197011
40.29 , -0.247016
40.3 , -0.286042
40.31 , -0.31342
40.32 , -0.32868
40.33 , -0.331559
40.34 , -0.32201
40.35 , -0.300194
40.36 , -0.266488
40.37 , -0.221469
40.38 , -0.165909
40.39 , -0.100763
40.4 , -0.0271467
40.41 , 0.0536754
40.42 , 0.140317
40.43 , 0.231291
40.44 , 0.325037
40.45 , 0.419945
40.46 , 0.514389
40.47 , 0.607852
40.48 , 0.700333
40.49 , 0.791834
40.5 , 0.882354
40.51 , 0.971892
40.52 , 1.06045
40.53 , 1.14803
40.54 , 1.23462
40.55 , 1.32024
40.56 , 1.40487
40.57 , 1.48852
40.58 , 1.57119
40.59 , 1.65289
40.6 , 1.73359
40.61 , 1.81332
40.62 , 1.89207
40.63 , 1.96984
40.64 , 2.04662
40.65 , 2.12243
40.66 , 2.19725
40.67 , 2.27109
40.68 , 2.34396
40.69 , 2.41584
40.7 , 2.48674
40.71 , 2.55665
40.72 , 2.62559
40.73 , 2.69355
40.74 , 2.76052
40.75 , 2.82652
40.76 , 2.89153
40.77 , 2.95557
40.78 , 3.01862
40.79 , 3.08069
40.8 , 3.14178
40.81 , 3.20189
40.82 , 3.26101
40.83 , 3.31916
40.84 , 3.37633
40.85 , 3.43251
40.86 , 3.48771
40.87 , 3.54194
40.88 , 3.59518
40.89 , 3.64744
40.9 , 3.69872
40.91 , 3.74902
40.92 , 3.79834
40.93 , 3.84667
40.94 , 3.89403
40.95 , 3.9404
40.96 , 3.9858
40.97 , 4.03021
40.98 , 4.07364
40.99 , 4.11609
41 , 4.15756
41.01 , 4.19805
41.02 , 4.23756
41.03 , 4.27608
41.04 , 4.31363
41.05 , 4.35019
41.06 , 4.38578
41.07 , 4.42038
41.08 , 4.454
41.09 , 4.48664
41.1 , 4.5183
41.11 , 4.54898
41.12 , 4.57868
41.13 , 4.60739
41.14 , 4.63513
41.15 , 4.66188
41.16 , 4.68766
41.17 , 4.71245
41.18 , 4.73626
41.19 , 4.75909
41.2 , 4.78094
41.21 , 4.80181
41.22 , 4.8217
41.23 , 4.84061
41.24 , 4.85853
41.25 , 4.87548
41.26 , 4.89144
41.27 , 4.90642
41.28 , 4.92042
41.29 , 4.93344
41.3 , 4.94548
41.31 , 4.95654
41.32 , 4.96662
41.33 , 4.97572
41.34 , 4.98383
41.35 , 4.99097
41.36 , 4.99712
41.37 , 5.00229
41.38 , 5.00649
41.39 , 5.0097
41.4 , 5.01193
41.41 , 5.01317
41.42 , 5.01344
41.43 , 5.01273
41.44 , 5.01103
41.45 , 5.00836
41.46 , 5.0047
41.47 , 5.00007
41.48 , 4.99445
41.49 , 4.98785
41.5 , 4.98027
41.51 , 4.97171
41.52 , 4.96216
41.53 , 4.95164
41.54 , 4.94014
41.55 , 4.92765
41.56 , 4.91418
41.57 , 4.89974
41.58 , 4.88431
41.59 , 4.8679
41.6 , 4.85051
41.61 , 4.83214
41.62 , 4.81278
41.63 , 4.79245
41.64 , 4.77114
41.65 , 4.74884
41.66 , 4.72557
41.67 , 4.70131
41.68 , 4.67607
41.69 , 4.64985
41.7 , 4.62265
41.71 , 4.59447
41.72 , 4.56531
41.73 , 4.53516
41.74 , 4.50404
41.75 , 4.47193
41.76 , 4.43885
41.77 , 4.40478
41.78 , 4.36973
41.79 , 4.3337
41.8 , 4.29669
41.81 , 4.2587
41.82 , 4.21973
41.83 , 4.17977
41.84 , 4.13884
41.85 , 4.09692
41.86 , 4.05403
41.87 , 4.01015
41.88 , 3.96529
41.89 , 3.91945
41.9 , 3.87263
41.91 , 3.82483
41.92 , 3.77605
41.93 , 3.72629
41.94 , 3.67554
41.95 , 3.62382
41.96 , 3.57111
41.97 , 3.51742
41.98 , 3.46275
41.99 , 3.4071
42 , 3.35047
42.01 , 3.29286
42.02 , 3.23427
42.03 , 3.1747
42.04 , 3.11414
42.05 , 3.05261
42.06 , 2.99009
42.07 , 2.92659
42.08 , 2.86211
42.09 , 2.79666
42.1 , 2.73021
42.11 , 2.66279
42.12 , 2.59439
42.13 , 2.52501
42.14 , 2.45464
42.15 , 2.3833
42.16 , 2.31097
42.17 , 2.23766
42.18 , 2.16338
42.19 , 2.08811
42.2 , 2.01186
42.21 , 1.93462
42.22 , 1.85641
42.23 , 1.77722
42.24 , 1.69704
42.25 , 1.61589
42.26 , 1.53375
42.27 , 1.45064
42.28 , 1.36654
42.29 , 1.28146
42.3 , 1.1954
42.31 , 1.10836
42.32 , 1.02033
42.33 , 0.93133
42.34 , 0.841346
42.35 , 0.750381
42.36 , 0.658434
42.37 , 0.565507
42.38 , 0.471599
42.39 , 0.376709
42.4 , 0.282096
42.41 , 0.189384
42.42 , 0.100162
42.43 , 0.0159612
42.44 , -0.0617727
42.45 , -0.131706
42.46 , -0.19264
42.47 , -0.243528
42.48 , -0.283497
42.49 , -0.311861
42.5 , -0.328134
42.51 , -0.332036
42.52 , -0.323501
42.53 , -0.302674
42.54 , -0.269914
42.55 , -0.225782
42.56 , -0.171036
42.57 , -0.106615
42.58 , -0.0336242
42.59 , 0.0466839
42.6 , 0.132931
42.61 , 0.223638
42.62 , 0.317248
42.63 , 0.412155
42.64 , 0.50673
42.65 , 0.600324
42.66 , 0.692937
42.67 , 0.784569
42.68 , 0.87522
42.69 , 0.96489
42.7 , 1.05358
42.71 , 1.14129
42.72 , 1.22801
42.73 , 1.31376
42.74 , 1.39852
42.75 , 1.48231
42.76 , 1.56511
42.77 , 1.64693
42.78 , 1.72777
42.79 , 1.80763
42.8 , 1.88651
42.81 , 1.96441
42.82 , 2.04133
42.83 , 2.11726
42.84 , 2.19222
42.85 , 2.26619
42.86 , 2.33919
42.87 , 2.4112
42.88 , 2.48223
42.89 , 2.55228
42.9 , 2.62135
42.91 , 2.68944
42.92 , 2.75654
42.93 , 2.82267
42.94 , 2.88782
42.95 , 2.95198
42.96 , 3.01516
42.97 , 3.07736
42.98 , 3.13859
42.99 , 3.19883
43 , 3.25808
43.01 , 3.31636
43.02 , 3.37366
43.03 , 3.42998
43.04 , 3.48531
43.05 , 3.53966
43.06 , 3.59304
43.07 , 3.64543
43.08 , 3.69684
43.09 , 3.74727
43.1 , 3.79672
43.11 , 3.84519
43.12 , 3.89267
43.13 , 3.93918
43.14 , 3.98471
43.15 , 4.02925
43.16 , 4.07281
43.17 , 4.11539
43.18 , 4.157
43.19 , 4.19762
43.2 , 4.23725
43.21 , 4.27591
43.22 , 4.31359
43.23 , 4.35029
43.24 , 4.386
43.25 , 4.42073
43.26 , 4.45449
43.27 , 4.48726
43.28 , 4.51905
43.29 , 4.54986
43.3 , 4.57969
43.31 , 4.60854
43.32 , 4.6364
43.33 , 4.66329
43.34 , 4.6892
43.35 , 4.71412
43.36 , 4.73806
43.37 , 4.76102
43.38 , 4.78301
43.39 , 4.80401
43.4 , 4.82402
43.41 , 4.84306
43.42 , 4.86112
43.43 , 4.8782
43.44 , 4.89429
43.45 , 4.9094
43.46 , 4.92354
43.47 , 4.93669
43.48 , 4.94886
43.49 , 4.96005
43.5 , 4.97026
43.51 , 4.97949
43.52 , 4.98773
43.53 , 4.995
43.54 , 5.00129
43.55 , 5.00659
43.56 , 5.01091
43.57 , 5.01426
43.58 , 5.01662
43.59 , 5.018
43.6 , 5.0184
43.61 , 5.01781
43.62 , 5.01625
43.63 , 5.01371
43.64 , 5.01018
43.65 , 5.00568
43.66 , 5.00019
43.67 , 4.99372
43.68 , 4.98627
43.69 , 4.97784
43.7 , 4.96843
43.71 , 4.95804
43.72 , 4.94667
43.73 , 4.93431
43.74 , 4.92098
43.75 , 4.90666
43.76 , 4.89136
43.77 , 4.87509
43.78 , 4.85783
43.79 , 4.83959
43.8 , 4.82037
43.81 , 4.80016
43.82 , 4.77898
43.83 , 4.75682
43.84 , 4.73367
43.85 , 4.70955
43.86 , 4.68444
43.87 , 4.65835
43.88 , 4.63128
43.89 , 4.60323
43.9 , 4.5742
43.91 , 4.54419
43.92 , 4.5132
43.93 , 4.48122
43.94 , 4.44827
43.95 , 4.41433
43.96 , 4.37941
43.97 , 4.34352
43.98 , 4.30664
43.99 , 4.26878
44 , 4.22994
44.01 , 4.19011
44.02 , 4.14931
44.03 , 4.10753
44.04 , 4.06476
44.05 , 4.02102
44.06 , 3.97629
44.07 , 3.93058
44.08 , 3.88389
44.09 , 3.83622
44.1 , 3.78757
44.11 , 3.73794
44.12 , 3.68733
44.13 , 3.63573
44.14 , 3.58316
44.15 , 3.5296
44.16 , 3.47506
44.17 , 3.41955
44.18 , 3.36305
44.19 , 3.30557
44.2 , 3.24711
44.21 , 3.18766
44.22 , 3.12724
44.23 , 3.06584
44.24 , 3.00345
44.25 , 2.94009
44.26 , 2.87574
44.27 , 2.81041
44.28 , 2.7441
44.29 , 2.67681
44.3 , 2.60854
44.31 , 2.53929
44.32 , 2.46906
44.33 , 2.39784
44.34 , 2.32565
44.35 , 2.25247
44.36 , 2.17831
44.37 , 2.10318
44.38 , 2.02706
44.39 , 1.94996
44.4 , 1.87188
44.41 , 1.79281
44.42 , 1.71277
44.43 , 1.63175
44.44 , 1.54974
44.45 , 1.46676
44.46 , 1.38279
44.47 , 1.29784
44.48 , 1.21191
44.49 , 1.125
44.5 , 1.03711
44.51 , 0.94824
44.52 , 0.858387
44.53 , 0.767553
44.54 , 0.675738
44.55 , 0.582942
44.56 , 0.489165
44.57 , 0.394407
44.58 , 0.299622
44.59 , 0.206436
44.6 , 0.116448
44.61 , 0.0312027
44.62 , -0.0478377
44.63 , -0.119317
44.64 , -0.182009
44.65 , -0.234837
44.66 , -0.276896
44.67 , -0.307463
44.68 , -0.326014
44.69 , -0.332231
44.7 , -0.326008
44.71 , -0.30745
44.72 , -0.276876
44.73 , -0.234811
44.74 , -0.181977
44.75 , -0.119281
44.76 , -0.0477969
44.77 , 0.0312473
44.78 , 0.116496
44.79 , 0.206485
44.8 , 0.299673
44.81 , 0.394458
44.82 , 0.489216
44.83 , 0.582992
44.84 , 0.675788
44.85 , 0.767602
44.86 , 0.858436
44.87 , 0.948288
44.88 , 1.03716
44.89 , 1.12505
44.9 , 1.21196
44.91 , 1.29789
44.92 , 1.38284
44.93 , 1.4668
44.94 , 1.54979
44.95 , 1.63179
44.96 , 1.71282
44.97 , 1.79286
44.98 , 1.87192
44.99 , 1.95
45 , 2.0271
45.01 , 2.10322
45.02 , 2.17836
45.03 , 2.25251
45.04 , 2.32569
45.05 , 2.39788
45.06 , 2.4691
45.07 , 2.53933
45.08 , 2.60858
45.09 , 2.67685
45.1 , 2.74414
45.11 , 2.81045
45.12 , 2.87578
45.13 , 2.94012
45.14 , 3.00349
45.15 , 3.06587
45.16 , 3.12728
45.17 , 3.1877
45.18 , 3.24714
45.19 , 3.3056
45.2 , 3.36308
45.21 , 3.41958
45.22 , 3.4751
45.23 , 3.52963
45.24 , 3.58319
45.25 , 3.63576
45.26 , 3.68736
45.27 , 3.73797
45.28 , 3.7876
45.29 , 3.83625
45.3 , 3.88392
45.31 , 3.93061
45.32 , 3.97632
45.33 , 4.02104
45.34 , 4.06479
45.35 , 4.10755
45.36 , 4.14934
45.37 , 4.19014
45.38 , 4.22996
45.39 , 4.2688
45.4 , 4.30666
45.41 , 4.34354
45.42 , 4.37944
45.43 , 4.41435
45.44 , 4.44829
45.45 , 4.48124
45.46 , 4.51322
45.47 , 4.54421
45.48 , 4.57422
45.49 , 4.60325
45.5 , 4.6313
45.51 , 4.65837
45.52 , 4.68446
45.53 , 4.70956
45.54 , 4.73369
45.55 , 4.75683
45.56 , 4.779
45.57 , 4.80018
45.58 , 4.82038
45.59 , 4.8396
45.6 , 4.85784
45.61 , 4.8751
45.62 , 4.89138
45.63 , 4.90667
45.64 , 4.92099
45.65 , 4.93432
45.66 , 4.94668
45.67 , 4.95805
45.68 , 4.96844
45.69 , 4.97785
45.7 , 4.98628
45.71 , 4.99373
45.72 , 5.0002
45.73 , 5.00568
45.74 , 5.01019
45.75 , 5.01371
45.76 , 5.01626
45.77 , 5.01782
45.78 , 5.0184
45.79 , 5.018
45.8 , 5.01662
45.81 , 5.01426
45.82 , 5.01092
45.83 , 5.00659
45.84 , 5.00129
45.85 , 4.995
45.86 , 4.98774
45.87 , 4.97949
45.88 , 4.97026
45.89 , 4.96005
45.9 , 4.94886
45.91 , 4.93669
45.92 , 4.92354
45.93 , 4.90941
45.94 , 4.89429
45.95 , 4.8782
45.96 , 4.86112
45.97 , 4.84306
45.98 , 4.82402
45.99 , 4.804
46 , 4.783
46.01 , 4.76102
46.02 , 4.73806
46.03 , 4.71412
46.04 , 4.68919
46.05 , 4.66329
46.06 , 4.6364
46.07 , 4.60853
46.08 , 4.57968
46.09 , 4.54985
46.1 , 4.51904
46.11 , 4.48725
46.12 , 4.45448
46.13 , 4.42073
46.14 , 4.38599
46.15 , 4.35028
46.16 , 4.31358
46.17 , 4.2759
46.18 , 4.23724
46.19 , 4.1976
46.2 , 4.15698
46.21 , 4.11538
46.22 , 4.0728
46.23 , 4.02924
46.24 , 3.98469
46.25 , 3.93917
46.26 , 3.89266
46.27 , 3.84517
46.28 , 3.7967
46.29 , 3.74725
46.3 , 3.69682
46.31 , 3.64541
46.32 , 3.59302
46.33 , 3.53965
46.34 , 3.48529
46.35 , 3.42996
46.36 , 3.37364
46.37 , 3.31634
46.38 , 3.25806
46.39 , 3.1988
46.4 , 3.13856
46.41 , 3.07734
46.42 , 3.01514
46.43 , 2.95196
46.44 , 2.88779
46.45 , 2.82265
46.46 , 2.75652
46.47 , 2.68941
46.48 , 2.62132
46.49 , 2.55225
46.5 , 2.4822
46.51 , 2.41117
46.52 , 2.33916
46.53 , 2.26617
46.54 , 2.19219
46.55 , 2.11724
46.56 , 2.0413
46.57 , 1.96438
46.58 , 1.88648
46.59 , 1.80761
46.6 , 1.72774
46.61 , 1.6469
46.62 , 1.56508
46.63 , 1.48228
46.64 , 1.39849
46.65 , 1.31373
46.66 , 1.22798
46.67 , 1.14125
46.68 , 1.05354
46.69 , 0.964855
46.7 , 0.875185
46.71 , 0.784533
46.72 , 0.692901
46.73 , 0.600287
46.74 , 0.506693
46.75 , 0.412118
46.76 , 0.317211
46.77 , 0.223602
46.78 , 0.132897
46.79 , 0.0466513
46.8 , -0.0336542
46.81 , -0.106642
46.82 , -0.17106
46.83 , -0.225802
46.84 , -0.269929
46.85 , -0.302685
46.86 , -0.323506
46.87 , -0.332037
46.88 , -0.32813
46.89 , -0.311852
46.9 , -0.283483
46.91 , -0.24351
46.92 , -0.192618
46.93 , -0.131681
46.94 , -0.0617439
46.95 , 0.0159928
46.96 , 0.100195
46.97 , 0.189419
46.98 , 0.282133
46.99 , 0.376746
47 , 0.471636
47.01 , 0.565544
47.02 , 0.658471
47.03 , 0.750417
47.04 , 0.841382
47.05 , 0.931366
47.06 , 1.02037
47.07 , 1.10839
47.08 , 1.19543
47.09 , 1.28149
47.1 , 1.36657
47.11 , 1.45067
47.12 , 1.53379
47.13 , 1.61592
47.14 , 1.69708
47.15 , 1.77725
47.16 , 1.85645
47.17 , 1.93466
47.18 , 2.01189
47.19 , 2.08814
47.2 , 2.16341
47.21 , 2.2377
47.22 , 2.311
47.23 , 2.38333
47.24 , 2.45468
47.25 , 2.52504
47.26 , 2.59442
47.27 , 2.66282
47.28 , 2.73025
47.29 , 2.79669
47.3 , 2.86215
47.31 , 2.92662
47.32 , 2.99012
47.33 , 3.05264
47.34 , 3.11417
47.35 , 3.17473
47.36 , 3.2343
47.37 , 3.29289
47.38 , 3.3505
47.39 , 3.40713
47.4 , 3.46278
47.41 , 3.51745
47.42 , 3.57114
47.43 , 3.62384
47.44 , 3.67557
47.45 , 3.72631
47.46 , 3.77608
47.47 , 3.82486
47.48 , 3.87266
47.49 , 3.91948
47.5 , 3.96532
47.51 , 4.01018
47.52 , 4.05405
47.53 , 4.09695
47.54 , 4.13887
47.55 , 4.1798
47.56 , 4.21975
47.57 , 4.25872
47.58 , 4.29672
47.59 , 4.33373
47.6 , 4.36976
47.61 , 4.4048
47.62 , 4.43887
47.63 , 4.47196
47.64 , 4.50406
47.65 , 4.53519
47.66 , 4.56533
47.67 , 4.59449
47.68 , 4.62267
47.69 , 4.64987
47.7 , 4.67609
47.71 , 4.70133
47.72 , 4.72559
47.73 , 4.74886
47.74 , 4.77116
47.75 , 4.79247
47.76 , 4.81281
47.77 , 4.83216
47.78 , 4.85053
47.79 , 4.86792
47.8 , 4.88433
47.81 , 4.89976
47.82 , 4.9142
47.83 , 4.92767
47.84 , 4.94016
47.85 , 4.95166
47.86 , 4.96218
47.87 , 4.97172
47.88 , 4.98029
47.89 , 4.98787
47.9 , 4.99447
47.91 , 5.00008
47.92 , 5.00472
47.93 , 5.00838
47.94 , 5.01105
47.95 , 5.01275
47.96 , 5.01346
47.97 , 5.01319
47.98 , 5.01194
47.99 , 5.00971
48 , 5.0065
48.01 , 5.00231
48.02 , 4.99714
48.03 , 4.99098
48.04 , 4.98385
48.05 , 4.97573
48.06 , 4.96664
48.07 , 4.95656
48.08 , 4.9455
48.09 , 4.93346
48.1 , 4.92044
48.11 , 4.90644
48.12 , 4.89145
48.13 , 4.87549
48.14 , 4.85855
48.15 , 4.84062
48.16 , 4.82171
48.17 , 4.80182
48.18 , 4.78096
48.19 , 4.75911
48.2 , 4.73628
48.21 , 4.71246
48.22 , 4.68767
48.23 , 4.6619
48.24 , 4.63514
48.25 , 4.60741
48.26 , 4.57869
48.27 , 4.54899
48.28 , 4.51831
48.29 , 4.48665
48.3 , 4.45401
48.31 , 4.42039
48.32 , 4.38579
48.33 , 4.3502
48.34 , 4.31364
48.35 , 4.27609
48.36 , 4.23757
48.37 , 4.19806
48.38 , 4.15757
48.39 , 4.1161
48.4 , 4.07365
48.41 , 4.03022
48.42 , 3.9858
48.43 , 3.94041
48.44 , 3.89404
48.45 , 3.84668
48.46 , 3.79834
48.47 , 3.74902
48.48 , 3.69873
48.49 , 3.64745
48.5 , 3.59519
48.51 , 3.54194
48.52 , 3.48772
48.53 , 3.43252
48.54 , 3.37633
48.55 , 3.31917
48.56 , 3.26102
48.57 , 3.20189
48.58 , 3.14178
48.59 , 3.08069
48.6 , 3.01862
48.61 , 2.95557
48.62 , 2.89154
48.63 , 2.82652
48.64 , 2.76053
48.65 , 2.69355
48.66 , 2.6256
48.67 , 2.55666
48.68 , 2.48674
48.69 , 2.41584
48.7 , 2.34396
48.71 , 2.2711
48.72 , 2.19725
48.73 , 2.12243
48.74 , 2.04663
48.75 , 1.96984
48.76 , 1.89207
48.77 , 1.81332
48.78 , 1.7336
48.79 , 1.65289
48.8 , 1.5712
48.81 , 1.48852
48.82 , 1.40487
48.83 , 1.32024
48.84 , 1.23462
48.85 , 1.14803
48.86 , 1.06045
48.87 , 0.971891
48.88 , 0.882353
48.89 , 0.791833
48.9 , 0.700332
48.91 , 0.60785
48.92 , 0.514387
48.93 , 0.419943
48.94 , 0.325034
48.95 , 0.231288
48.96 , 0.140314
48.97 , 0.0536729
48.98 , -0.0271491
48.99 , -0.100765
49 , -0.165912
49.01 , -0.221471
49.02 , -0.26649
49.03 , -0.300196
49.04 , -0.322011
49.05 , -0.331561
49.06 , -0.328681
49.07 , -0.313421
49.08 , -0.286043
49.09 , -0.247016
49.1 , -0.197011
49.11 , -0.136885
49.12 , -0.0676703
49.13 , 0.0094461
49.14 , 0.0931407
49.15 , 0.181978
49.16 , 0.274432
49.17 , 0.368918
49.18 , 0.463815
49.19 , 0.55773
49.2 , 0.650664
49.21 , 0.742618
49.22 , 0.83359
49.23 , 0.923581
49.24 , 1.01259
49.25 , 1.10062
49.26 , 1.18767
49.27 , 1.27374
49.28 , 1.35882
49.29 , 1.44293
49.3 , 1.52605
49.31 , 1.6082
49.32 , 1.68936
49.33 , 1.76954
49.34 , 1.84874
49.35 , 1.92696
49.36 , 2.0042
49.37 , 2.08046
49.38 , 2.15573
49.39 , 2.23003
49.4 , 2.30334
49.41 , 2.37567
49.42 , 2.44703
49.43 , 2.5174
49.44 , 2.58679
49.45 , 2.6552
49.46 , 2.72263
49.47 , 2.78907
49.48 , 2.85454
49.49 , 2.91903
49.5 , 2.98253
49.51 , 3.04505
49.52 , 3.1066
49.53 , 3.16716
49.54 , 3.22674
49.55 , 3.28534
49.56 , 3.34296
49.57 , 3.39959
49.58 , 3.45525
49.59 , 3.50992
49.6 , 3.56362
49.61 , 3.61633
49.62 , 3.66806
49.63 , 3.71882
49.64 , 3.76859
49.65 , 3.81738
49.66 , 3.86518
49.67 , 3.91201
49.68 , 3.95786
49.69 , 4.00272
49.7 , 4.04661
49.71 , 4.08951
49.72 , 4.13143
49.73 , 4.17237
49.74 , 4.21233
49.75 , 4.25131
49.76 , 4.28931
49.77 , 4.32633
49.78 , 4.36237
49.79 , 4.39742
49.8 , 4.4315
49.81 , 4.46459
49.82 , 4.4967
49.83 , 4.52783
49.84 , 4.55798
49.85 , 4.58715
49.86 , 4.61534
49.87 , 4.64255
49.88 , 4.66877
49.89 , 4.69402
49.9 , 4.71828
49.91 , 4.74157
49.92 , 4.76387
49.93 , 4.78519
49.94 , 4.80553
49.95 , 4.82489
49.96 , 4.84327
49.97 , 4.86067
49.98 , 4.87708
49.99 , 4.89252
